NB_GRAPHS                 1
UNDIRECTED GRAPH 
NB_NODES 		 100
NB_EDGES  		 4950
LIST_OF_EDGES 	 COSTS 
1 	 0 	 5 
2 	 0 	 4 
2 	 1 	 67 
3 	 0 	 26 
3 	 1 	 75 
3 	 2 	 38 
4 	 0 	 43 
4 	 1 	 43 
4 	 2 	 48 
4 	 3 	 6 
5 	 0 	 15 
5 	 1 	 65 
5 	 2 	 27 
5 	 3 	 43 
5 	 4 	 23 
6 	 0 	 37 
6 	 1 	 6 
6 	 2 	 6 
6 	 3 	 54 
6 	 4 	 34 
6 	 5 	 49 
7 	 0 	 71 
7 	 1 	 44 
7 	 2 	 77 
7 	 3 	 21 
7 	 4 	 74 
7 	 5 	 23 
7 	 6 	 33 
8 	 0 	 61 
8 	 1 	 28 
8 	 2 	 9 
8 	 3 	 10 
8 	 4 	 38 
8 	 5 	 89 
8 	 6 	 63 
8 	 7 	 6 
9 	 0 	 5 
9 	 1 	 93 
9 	 2 	 93 
9 	 3 	 98 
9 	 4 	 86 
9 	 5 	 78 
9 	 6 	 2 
9 	 7 	 21 
9 	 8 	 58 
10 	 0 	 5 
10 	 1 	 7 
10 	 2 	 18 
10 	 3 	 49 
10 	 4 	 13 
10 	 5 	 83 
10 	 6 	 91 
10 	 7 	 20 
10 	 8 	 88 
10 	 9 	 33 
11 	 0 	 90 
11 	 1 	 18 
11 	 2 	 27 
11 	 3 	 48 
11 	 4 	 23 
11 	 5 	 3 
11 	 6 	 13 
11 	 7 	 55 
11 	 8 	 90 
11 	 9 	 96 
11 	 10 	 13 
12 	 0 	 73 
12 	 1 	 58 
12 	 2 	 59 
12 	 3 	 7 
12 	 4 	 21 
12 	 5 	 31 
12 	 6 	 24 
12 	 7 	 72 
12 	 8 	 53 
12 	 9 	 40 
12 	 10 	 9 
12 	 11 	 16 
13 	 0 	 62 
13 	 1 	 12 
13 	 2 	 51 
13 	 3 	 95 
13 	 4 	 3 
13 	 5 	 89 
13 	 6 	 81 
13 	 7 	 100 
13 	 8 	 10 
13 	 9 	 87 
13 	 10 	 45 
13 	 11 	 81 
13 	 12 	 10 
14 	 0 	 73 
14 	 1 	 77 
14 	 2 	 29 
14 	 3 	 73 
14 	 4 	 15 
14 	 5 	 32 
14 	 6 	 30 
14 	 7 	 75 
14 	 8 	 30 
14 	 9 	 43 
14 	 10 	 23 
14 	 11 	 57 
14 	 12 	 42 
14 	 13 	 26 
15 	 0 	 27 
15 	 1 	 99 
15 	 2 	 64 
15 	 3 	 99 
15 	 4 	 44 
15 	 5 	 12 
15 	 6 	 100 
15 	 7 	 74 
15 	 8 	 28 
15 	 9 	 70 
15 	 10 	 72 
15 	 11 	 4 
15 	 12 	 73 
15 	 13 	 19 
15 	 14 	 2 
16 	 0 	 31 
16 	 1 	 21 
16 	 2 	 68 
16 	 3 	 50 
16 	 4 	 92 
16 	 5 	 45 
16 	 6 	 54 
16 	 7 	 9 
16 	 8 	 21 
16 	 9 	 20 
16 	 10 	 45 
16 	 11 	 8 
16 	 12 	 10 
16 	 13 	 100 
16 	 14 	 18 
16 	 15 	 70 
17 	 0 	 77 
17 	 1 	 72 
17 	 2 	 64 
17 	 3 	 45 
17 	 4 	 18 
17 	 5 	 87 
17 	 6 	 27 
17 	 7 	 13 
17 	 8 	 52 
17 	 9 	 1 
17 	 10 	 91 
17 	 11 	 71 
17 	 12 	 69 
17 	 13 	 60 
17 	 14 	 55 
17 	 15 	 3 
17 	 16 	 1 
18 	 0 	 21 
18 	 1 	 98 
18 	 2 	 42 
18 	 3 	 99 
18 	 4 	 81 
18 	 5 	 11 
18 	 6 	 63 
18 	 7 	 22 
18 	 8 	 21 
18 	 9 	 41 
18 	 10 	 13 
18 	 11 	 58 
18 	 12 	 28 
18 	 13 	 5 
18 	 14 	 8 
18 	 15 	 74 
18 	 16 	 30 
18 	 17 	 57 
19 	 0 	 93 
19 	 1 	 2 
19 	 2 	 8 
19 	 3 	 26 
19 	 4 	 64 
19 	 5 	 80 
19 	 6 	 62 
19 	 7 	 47 
19 	 8 	 45 
19 	 9 	 21 
19 	 10 	 72 
19 	 11 	 44 
19 	 12 	 27 
19 	 13 	 89 
19 	 14 	 77 
19 	 15 	 4 
19 	 16 	 81 
19 	 17 	 54 
19 	 18 	 4 
20 	 0 	 70 
20 	 1 	 61 
20 	 2 	 6 
20 	 3 	 51 
20 	 4 	 60 
20 	 5 	 51 
20 	 6 	 62 
20 	 7 	 90 
20 	 8 	 64 
20 	 9 	 81 
20 	 10 	 31 
20 	 11 	 30 
20 	 12 	 11 
20 	 13 	 83 
20 	 14 	 31 
20 	 15 	 61 
20 	 16 	 1 
20 	 17 	 52 
20 	 18 	 84 
20 	 19 	 96 
21 	 0 	 73 
21 	 1 	 40 
21 	 2 	 65 
21 	 3 	 94 
21 	 4 	 15 
21 	 5 	 8 
21 	 6 	 20 
21 	 7 	 71 
21 	 8 	 52 
21 	 9 	 71 
21 	 10 	 92 
21 	 11 	 34 
21 	 12 	 46 
21 	 13 	 60 
21 	 14 	 33 
21 	 15 	 93 
21 	 16 	 12 
21 	 17 	 35 
21 	 18 	 11 
21 	 19 	 60 
21 	 20 	 92 
22 	 0 	 73 
22 	 1 	 57 
22 	 2 	 53 
22 	 3 	 11 
22 	 4 	 5 
22 	 5 	 52 
22 	 6 	 74 
22 	 7 	 45 
22 	 8 	 93 
22 	 9 	 69 
22 	 10 	 100 
22 	 11 	 23 
22 	 12 	 4 
22 	 13 	 94 
22 	 14 	 18 
22 	 15 	 82 
22 	 16 	 55 
22 	 17 	 34 
22 	 18 	 46 
22 	 19 	 44 
22 	 20 	 64 
22 	 21 	 69 
23 	 0 	 67 
23 	 1 	 63 
23 	 2 	 76 
23 	 3 	 66 
23 	 4 	 11 
23 	 5 	 3 
23 	 6 	 71 
23 	 7 	 71 
23 	 8 	 65 
23 	 9 	 11 
23 	 10 	 62 
23 	 11 	 58 
23 	 12 	 12 
23 	 13 	 15 
23 	 14 	 54 
23 	 15 	 27 
23 	 16 	 21 
23 	 17 	 27 
23 	 18 	 38 
23 	 19 	 25 
23 	 20 	 55 
23 	 21 	 9 
23 	 22 	 53 
24 	 0 	 87 
24 	 1 	 96 
24 	 2 	 56 
24 	 3 	 9 
24 	 4 	 18 
24 	 5 	 81 
24 	 6 	 41 
24 	 7 	 63 
24 	 8 	 26 
24 	 9 	 91 
24 	 10 	 5 
24 	 11 	 87 
24 	 12 	 82 
24 	 13 	 76 
24 	 14 	 7 
24 	 15 	 57 
24 	 16 	 36 
24 	 17 	 57 
24 	 18 	 2 
24 	 19 	 35 
24 	 20 	 6 
24 	 21 	 45 
24 	 22 	 79 
24 	 23 	 82 
25 	 0 	 55 
25 	 1 	 60 
25 	 2 	 94 
25 	 3 	 10 
25 	 4 	 21 
25 	 5 	 43 
25 	 6 	 71 
25 	 7 	 64 
25 	 8 	 63 
25 	 9 	 14 
25 	 10 	 29 
25 	 11 	 89 
25 	 12 	 89 
25 	 13 	 51 
25 	 14 	 45 
25 	 15 	 92 
25 	 16 	 53 
25 	 17 	 8 
25 	 18 	 23 
25 	 19 	 49 
25 	 20 	 71 
25 	 21 	 14 
25 	 22 	 45 
25 	 23 	 7 
25 	 24 	 97 
26 	 0 	 14 
26 	 1 	 58 
26 	 2 	 81 
26 	 3 	 10 
26 	 4 	 23 
26 	 5 	 63 
26 	 6 	 96 
26 	 7 	 3 
26 	 8 	 37 
26 	 9 	 41 
26 	 10 	 11 
26 	 11 	 83 
26 	 12 	 77 
26 	 13 	 56 
26 	 14 	 69 
26 	 15 	 52 
26 	 16 	 57 
26 	 17 	 69 
26 	 18 	 13 
26 	 19 	 29 
26 	 20 	 21 
26 	 21 	 85 
26 	 22 	 90 
26 	 23 	 20 
26 	 24 	 36 
26 	 25 	 75 
27 	 0 	 33 
27 	 1 	 18 
27 	 2 	 64 
27 	 3 	 12 
27 	 4 	 19 
27 	 5 	 14 
27 	 6 	 37 
27 	 7 	 34 
27 	 8 	 13 
27 	 9 	 76 
27 	 10 	 98 
27 	 11 	 75 
27 	 12 	 55 
27 	 13 	 65 
27 	 14 	 54 
27 	 15 	 17 
27 	 16 	 28 
27 	 17 	 66 
27 	 18 	 66 
27 	 19 	 49 
27 	 20 	 66 
27 	 21 	 1 
27 	 22 	 94 
27 	 23 	 57 
27 	 24 	 23 
27 	 25 	 3 
27 	 26 	 37 
28 	 0 	 3 
28 	 1 	 97 
28 	 2 	 64 
28 	 3 	 30 
28 	 4 	 22 
28 	 5 	 26 
28 	 6 	 98 
28 	 7 	 49 
28 	 8 	 5 
28 	 9 	 68 
28 	 10 	 14 
28 	 11 	 54 
28 	 12 	 35 
28 	 13 	 11 
28 	 14 	 73 
28 	 15 	 8 
28 	 16 	 1 
28 	 17 	 27 
28 	 18 	 68 
28 	 19 	 31 
28 	 20 	 24 
28 	 21 	 53 
28 	 22 	 98 
28 	 23 	 49 
28 	 24 	 48 
28 	 25 	 7 
28 	 26 	 83 
28 	 27 	 16 
29 	 0 	 20 
29 	 1 	 77 
29 	 2 	 44 
29 	 3 	 57 
29 	 4 	 28 
29 	 5 	 79 
29 	 6 	 37 
29 	 7 	 40 
29 	 8 	 83 
29 	 9 	 66 
29 	 10 	 16 
29 	 11 	 57 
29 	 12 	 20 
29 	 13 	 29 
29 	 14 	 67 
29 	 15 	 57 
29 	 16 	 62 
29 	 17 	 45 
29 	 18 	 65 
29 	 19 	 46 
29 	 20 	 90 
29 	 21 	 34 
29 	 22 	 1 
29 	 23 	 85 
29 	 24 	 23 
29 	 25 	 2 
29 	 26 	 92 
29 	 27 	 61 
29 	 28 	 92 
30 	 0 	 43 
30 	 1 	 29 
30 	 2 	 28 
30 	 3 	 98 
30 	 4 	 79 
30 	 5 	 51 
30 	 6 	 81 
30 	 7 	 92 
30 	 8 	 86 
30 	 9 	 42 
30 	 10 	 63 
30 	 11 	 86 
30 	 12 	 71 
30 	 13 	 80 
30 	 14 	 7 
30 	 15 	 1 
30 	 16 	 39 
30 	 17 	 50 
30 	 18 	 18 
30 	 19 	 96 
30 	 20 	 8 
30 	 21 	 56 
30 	 22 	 62 
30 	 23 	 11 
30 	 24 	 32 
30 	 25 	 94 
30 	 26 	 68 
30 	 27 	 91 
30 	 28 	 37 
30 	 29 	 4 
31 	 0 	 41 
31 	 1 	 80 
31 	 2 	 45 
31 	 3 	 66 
31 	 4 	 50 
31 	 5 	 69 
31 	 6 	 99 
31 	 7 	 79 
31 	 8 	 23 
31 	 9 	 64 
31 	 10 	 96 
31 	 11 	 15 
31 	 12 	 47 
31 	 13 	 88 
31 	 14 	 15 
31 	 15 	 100 
31 	 16 	 100 
31 	 17 	 37 
31 	 18 	 45 
31 	 19 	 5 
31 	 20 	 29 
31 	 21 	 85 
31 	 22 	 78 
31 	 23 	 50 
31 	 24 	 22 
31 	 25 	 94 
31 	 26 	 98 
31 	 27 	 80 
31 	 28 	 87 
31 	 29 	 22 
31 	 30 	 33 
32 	 0 	 96 
32 	 1 	 28 
32 	 2 	 38 
32 	 3 	 29 
32 	 4 	 100 
32 	 5 	 59 
32 	 6 	 88 
32 	 7 	 97 
32 	 8 	 31 
32 	 9 	 14 
32 	 10 	 75 
32 	 11 	 78 
32 	 12 	 98 
32 	 13 	 43 
32 	 14 	 53 
32 	 15 	 15 
32 	 16 	 17 
32 	 17 	 52 
32 	 18 	 54 
32 	 19 	 82 
32 	 20 	 74 
32 	 21 	 63 
32 	 22 	 57 
32 	 23 	 95 
32 	 24 	 64 
32 	 25 	 37 
32 	 26 	 98 
32 	 27 	 52 
32 	 28 	 72 
32 	 29 	 4 
32 	 30 	 56 
32 	 31 	 100 
33 	 0 	 21 
33 	 1 	 28 
33 	 2 	 14 
33 	 3 	 84 
33 	 4 	 73 
33 	 5 	 95 
33 	 6 	 39 
33 	 7 	 62 
33 	 8 	 71 
33 	 9 	 62 
33 	 10 	 98 
33 	 11 	 6 
33 	 12 	 69 
33 	 13 	 60 
33 	 14 	 11 
33 	 15 	 48 
33 	 16 	 85 
33 	 17 	 90 
33 	 18 	 31 
33 	 19 	 64 
33 	 20 	 21 
33 	 21 	 93 
33 	 22 	 67 
33 	 23 	 37 
33 	 24 	 78 
33 	 25 	 32 
33 	 26 	 84 
33 	 27 	 73 
33 	 28 	 42 
33 	 29 	 22 
33 	 30 	 35 
33 	 31 	 91 
33 	 32 	 95 
34 	 0 	 69 
34 	 1 	 11 
34 	 2 	 6 
34 	 3 	 65 
34 	 4 	 68 
34 	 5 	 87 
34 	 6 	 36 
34 	 7 	 94 
34 	 8 	 2 
34 	 9 	 13 
34 	 10 	 32 
34 	 11 	 40 
34 	 12 	 49 
34 	 13 	 71 
34 	 14 	 7 
34 	 15 	 37 
34 	 16 	 57 
34 	 17 	 37 
34 	 18 	 85 
34 	 19 	 51 
34 	 20 	 78 
34 	 21 	 34 
34 	 22 	 7 
34 	 23 	 61 
34 	 24 	 68 
34 	 25 	 81 
34 	 26 	 64 
34 	 27 	 42 
34 	 28 	 5 
34 	 29 	 36 
34 	 30 	 33 
34 	 31 	 22 
34 	 32 	 13 
34 	 33 	 49 
35 	 0 	 15 
35 	 1 	 43 
35 	 2 	 77 
35 	 3 	 64 
35 	 4 	 71 
35 	 5 	 60 
35 	 6 	 65 
35 	 7 	 96 
35 	 8 	 9 
35 	 9 	 69 
35 	 10 	 2 
35 	 11 	 61 
35 	 12 	 86 
35 	 13 	 49 
35 	 14 	 76 
35 	 15 	 89 
35 	 16 	 82 
35 	 17 	 56 
35 	 18 	 27 
35 	 19 	 19 
35 	 20 	 25 
35 	 21 	 2 
35 	 22 	 74 
35 	 23 	 58 
35 	 24 	 64 
35 	 25 	 86 
35 	 26 	 29 
35 	 27 	 44 
35 	 28 	 23 
35 	 29 	 90 
35 	 30 	 74 
35 	 31 	 81 
35 	 32 	 94 
35 	 33 	 49 
35 	 34 	 18 
36 	 0 	 99 
36 	 1 	 11 
36 	 2 	 75 
36 	 3 	 45 
36 	 4 	 53 
36 	 5 	 52 
36 	 6 	 33 
36 	 7 	 58 
36 	 8 	 27 
36 	 9 	 56 
36 	 10 	 57 
36 	 11 	 24 
36 	 12 	 33 
36 	 13 	 75 
36 	 14 	 88 
36 	 15 	 78 
36 	 16 	 15 
36 	 17 	 18 
36 	 18 	 49 
36 	 19 	 86 
36 	 20 	 13 
36 	 21 	 40 
36 	 22 	 90 
36 	 23 	 59 
36 	 24 	 18 
36 	 25 	 54 
36 	 26 	 37 
36 	 27 	 77 
36 	 28 	 53 
36 	 29 	 12 
36 	 30 	 37 
36 	 31 	 78 
36 	 32 	 4 
36 	 33 	 69 
36 	 34 	 34 
36 	 35 	 21 
37 	 0 	 53 
37 	 1 	 9 
37 	 2 	 71 
37 	 3 	 62 
37 	 4 	 72 
37 	 5 	 40 
37 	 6 	 44 
37 	 7 	 44 
37 	 8 	 4 
37 	 9 	 65 
37 	 10 	 35 
37 	 11 	 82 
37 	 12 	 79 
37 	 13 	 15 
37 	 14 	 93 
37 	 15 	 29 
37 	 16 	 81 
37 	 17 	 60 
37 	 18 	 18 
37 	 19 	 25 
37 	 20 	 59 
37 	 21 	 33 
37 	 22 	 78 
37 	 23 	 39 
37 	 24 	 89 
37 	 25 	 34 
37 	 26 	 97 
37 	 27 	 57 
37 	 28 	 71 
37 	 29 	 53 
37 	 30 	 21 
37 	 31 	 1 
37 	 32 	 85 
37 	 33 	 25 
37 	 34 	 41 
37 	 35 	 17 
37 	 36 	 57 
38 	 0 	 28 
38 	 1 	 97 
38 	 2 	 86 
38 	 3 	 6 
38 	 4 	 41 
38 	 5 	 78 
38 	 6 	 89 
38 	 7 	 48 
38 	 8 	 17 
38 	 9 	 10 
38 	 10 	 90 
38 	 11 	 20 
38 	 12 	 58 
38 	 13 	 26 
38 	 14 	 90 
38 	 15 	 84 
38 	 16 	 69 
38 	 17 	 27 
38 	 18 	 21 
38 	 19 	 85 
38 	 20 	 24 
38 	 21 	 63 
38 	 22 	 24 
38 	 23 	 51 
38 	 24 	 89 
38 	 25 	 31 
38 	 26 	 78 
38 	 27 	 26 
38 	 28 	 36 
38 	 29 	 45 
38 	 30 	 57 
38 	 31 	 22 
38 	 32 	 85 
38 	 33 	 15 
38 	 34 	 19 
38 	 35 	 1 
38 	 36 	 21 
38 	 37 	 3 
39 	 0 	 49 
39 	 1 	 20 
39 	 2 	 87 
39 	 3 	 23 
39 	 4 	 62 
39 	 5 	 5 
39 	 6 	 99 
39 	 7 	 33 
39 	 8 	 62 
39 	 9 	 49 
39 	 10 	 87 
39 	 11 	 13 
39 	 12 	 80 
39 	 13 	 53 
39 	 14 	 76 
39 	 15 	 38 
39 	 16 	 6 
39 	 17 	 71 
39 	 18 	 65 
39 	 19 	 44 
39 	 20 	 59 
39 	 21 	 89 
39 	 22 	 62 
39 	 23 	 92 
39 	 24 	 80 
39 	 25 	 92 
39 	 26 	 94 
39 	 27 	 94 
39 	 28 	 44 
39 	 29 	 30 
39 	 30 	 27 
39 	 31 	 46 
39 	 32 	 19 
39 	 33 	 75 
39 	 34 	 4 
39 	 35 	 7 
39 	 36 	 39 
39 	 37 	 30 
39 	 38 	 21 
40 	 0 	 47 
40 	 1 	 48 
40 	 2 	 52 
40 	 3 	 18 
40 	 4 	 35 
40 	 5 	 21 
40 	 6 	 16 
40 	 7 	 37 
40 	 8 	 58 
40 	 9 	 25 
40 	 10 	 43 
40 	 11 	 17 
40 	 12 	 90 
40 	 13 	 21 
40 	 14 	 96 
40 	 15 	 70 
40 	 16 	 11 
40 	 17 	 50 
40 	 18 	 20 
40 	 19 	 52 
40 	 20 	 36 
40 	 21 	 64 
40 	 22 	 100 
40 	 23 	 4 
40 	 24 	 71 
40 	 25 	 52 
40 	 26 	 95 
40 	 27 	 75 
40 	 28 	 3 
40 	 29 	 58 
40 	 30 	 68 
40 	 31 	 3 
40 	 32 	 88 
40 	 33 	 72 
40 	 34 	 29 
40 	 35 	 33 
40 	 36 	 77 
40 	 37 	 40 
40 	 38 	 50 
40 	 39 	 50 
41 	 0 	 2 
41 	 1 	 15 
41 	 2 	 8 
41 	 3 	 17 
41 	 4 	 2 
41 	 5 	 90 
41 	 6 	 91 
41 	 7 	 2 
41 	 8 	 6 
41 	 9 	 50 
41 	 10 	 98 
41 	 11 	 62 
41 	 12 	 14 
41 	 13 	 82 
41 	 14 	 67 
41 	 15 	 91 
41 	 16 	 12 
41 	 17 	 81 
41 	 18 	 3 
41 	 19 	 45 
41 	 20 	 27 
41 	 21 	 90 
41 	 22 	 88 
41 	 23 	 35 
41 	 24 	 43 
41 	 25 	 59 
41 	 26 	 99 
41 	 27 	 87 
41 	 28 	 61 
41 	 29 	 100 
41 	 30 	 93 
41 	 31 	 46 
41 	 32 	 40 
41 	 33 	 17 
41 	 34 	 88 
41 	 35 	 64 
41 	 36 	 78 
41 	 37 	 26 
41 	 38 	 91 
41 	 39 	 71 
41 	 40 	 67 
42 	 0 	 59 
42 	 1 	 3 
42 	 2 	 57 
42 	 3 	 72 
42 	 4 	 61 
42 	 5 	 52 
42 	 6 	 69 
42 	 7 	 46 
42 	 8 	 95 
42 	 9 	 5 
42 	 10 	 80 
42 	 11 	 44 
42 	 12 	 19 
42 	 13 	 36 
42 	 14 	 97 
42 	 15 	 59 
42 	 16 	 22 
42 	 17 	 80 
42 	 18 	 56 
42 	 19 	 35 
42 	 20 	 100 
42 	 21 	 7 
42 	 22 	 84 
42 	 23 	 11 
42 	 24 	 17 
42 	 25 	 16 
42 	 26 	 39 
42 	 27 	 1 
42 	 28 	 86 
42 	 29 	 11 
42 	 30 	 68 
42 	 31 	 55 
42 	 32 	 16 
42 	 33 	 33 
42 	 34 	 33 
42 	 35 	 84 
42 	 36 	 52 
42 	 37 	 15 
42 	 38 	 82 
42 	 39 	 4 
42 	 40 	 37 
42 	 41 	 5 
43 	 0 	 13 
43 	 1 	 76 
43 	 2 	 11 
43 	 3 	 33 
43 	 4 	 67 
43 	 5 	 100 
43 	 6 	 7 
43 	 7 	 39 
43 	 8 	 67 
43 	 9 	 1 
43 	 10 	 24 
43 	 11 	 4 
43 	 12 	 33 
43 	 13 	 9 
43 	 14 	 36 
43 	 15 	 49 
43 	 16 	 31 
43 	 17 	 32 
43 	 18 	 57 
43 	 19 	 11 
43 	 20 	 76 
43 	 21 	 74 
43 	 22 	 86 
43 	 23 	 72 
43 	 24 	 99 
43 	 25 	 40 
43 	 26 	 59 
43 	 27 	 62 
43 	 28 	 53 
43 	 29 	 65 
43 	 30 	 38 
43 	 31 	 72 
43 	 32 	 34 
43 	 33 	 45 
43 	 34 	 86 
43 	 35 	 47 
43 	 36 	 72 
43 	 37 	 96 
43 	 38 	 71 
43 	 39 	 2 
43 	 40 	 56 
43 	 41 	 24 
43 	 42 	 40 
44 	 0 	 56 
44 	 1 	 77 
44 	 2 	 99 
44 	 3 	 92 
44 	 4 	 4 
44 	 5 	 84 
44 	 6 	 32 
44 	 7 	 67 
44 	 8 	 65 
44 	 9 	 27 
44 	 10 	 86 
44 	 11 	 15 
44 	 12 	 37 
44 	 13 	 56 
44 	 14 	 74 
44 	 15 	 18 
44 	 16 	 23 
44 	 17 	 76 
44 	 18 	 73 
44 	 19 	 70 
44 	 20 	 68 
44 	 21 	 28 
44 	 22 	 85 
44 	 23 	 14 
44 	 24 	 80 
44 	 25 	 28 
44 	 26 	 31 
44 	 27 	 59 
44 	 28 	 96 
44 	 29 	 54 
44 	 30 	 34 
44 	 31 	 21 
44 	 32 	 62 
44 	 33 	 94 
44 	 34 	 33 
44 	 35 	 69 
44 	 36 	 70 
44 	 37 	 67 
44 	 38 	 21 
44 	 39 	 29 
44 	 40 	 55 
44 	 41 	 44 
44 	 42 	 30 
44 	 43 	 95 
45 	 0 	 53 
45 	 1 	 78 
45 	 2 	 98 
45 	 3 	 9 
45 	 4 	 57 
45 	 5 	 30 
45 	 6 	 69 
45 	 7 	 82 
45 	 8 	 99 
45 	 9 	 71 
45 	 10 	 37 
45 	 11 	 13 
45 	 12 	 97 
45 	 13 	 34 
45 	 14 	 93 
45 	 15 	 41 
45 	 16 	 3 
45 	 17 	 64 
45 	 18 	 60 
45 	 19 	 26 
45 	 20 	 81 
45 	 21 	 84 
45 	 22 	 97 
45 	 23 	 29 
45 	 24 	 61 
45 	 25 	 48 
45 	 26 	 96 
45 	 27 	 23 
45 	 28 	 54 
45 	 29 	 41 
45 	 30 	 74 
45 	 31 	 17 
45 	 32 	 94 
45 	 33 	 76 
45 	 34 	 26 
45 	 35 	 53 
45 	 36 	 90 
45 	 37 	 56 
45 	 38 	 16 
45 	 39 	 48 
45 	 40 	 51 
45 	 41 	 63 
45 	 42 	 86 
45 	 43 	 18 
45 	 44 	 58 
46 	 0 	 96 
46 	 1 	 63 
46 	 2 	 82 
46 	 3 	 1 
46 	 4 	 69 
46 	 5 	 86 
46 	 6 	 74 
46 	 7 	 5 
46 	 8 	 26 
46 	 9 	 40 
46 	 10 	 68 
46 	 11 	 13 
46 	 12 	 59 
46 	 13 	 9 
46 	 14 	 3 
46 	 15 	 60 
46 	 16 	 1 
46 	 17 	 24 
46 	 18 	 4 
46 	 19 	 21 
46 	 20 	 95 
46 	 21 	 22 
46 	 22 	 35 
46 	 23 	 22 
46 	 24 	 9 
46 	 25 	 13 
46 	 26 	 65 
46 	 27 	 95 
46 	 28 	 99 
46 	 29 	 83 
46 	 30 	 18 
46 	 31 	 61 
46 	 32 	 79 
46 	 33 	 18 
46 	 34 	 85 
46 	 35 	 50 
46 	 36 	 89 
46 	 37 	 23 
46 	 38 	 76 
46 	 39 	 33 
46 	 40 	 65 
46 	 41 	 81 
46 	 42 	 25 
46 	 43 	 34 
46 	 44 	 35 
46 	 45 	 79 
47 	 0 	 37 
47 	 1 	 24 
47 	 2 	 9 
47 	 3 	 64 
47 	 4 	 74 
47 	 5 	 50 
47 	 6 	 60 
47 	 7 	 68 
47 	 8 	 33 
47 	 9 	 80 
47 	 10 	 26 
47 	 11 	 11 
47 	 12 	 36 
47 	 13 	 27 
47 	 14 	 59 
47 	 15 	 99 
47 	 16 	 98 
47 	 17 	 31 
47 	 18 	 40 
47 	 19 	 18 
47 	 20 	 71 
47 	 21 	 47 
47 	 22 	 26 
47 	 23 	 43 
47 	 24 	 85 
47 	 25 	 13 
47 	 26 	 86 
47 	 27 	 34 
47 	 28 	 6 
47 	 29 	 71 
47 	 30 	 26 
47 	 31 	 4 
47 	 32 	 67 
47 	 33 	 43 
47 	 34 	 11 
47 	 35 	 94 
47 	 36 	 61 
47 	 37 	 85 
47 	 38 	 26 
47 	 39 	 58 
47 	 40 	 92 
47 	 41 	 33 
47 	 42 	 59 
47 	 43 	 14 
47 	 44 	 99 
47 	 45 	 92 
47 	 46 	 16 
48 	 0 	 23 
48 	 1 	 77 
48 	 2 	 5 
48 	 3 	 72 
48 	 4 	 65 
48 	 5 	 14 
48 	 6 	 31 
48 	 7 	 28 
48 	 8 	 14 
48 	 9 	 84 
48 	 10 	 65 
48 	 11 	 2 
48 	 12 	 3 
48 	 13 	 75 
48 	 14 	 54 
48 	 15 	 90 
48 	 16 	 82 
48 	 17 	 65 
48 	 18 	 58 
48 	 19 	 21 
48 	 20 	 76 
48 	 21 	 95 
48 	 22 	 54 
48 	 23 	 14 
48 	 24 	 48 
48 	 25 	 82 
48 	 26 	 80 
48 	 27 	 25 
48 	 28 	 35 
48 	 29 	 96 
48 	 30 	 26 
48 	 31 	 21 
48 	 32 	 1 
48 	 33 	 90 
48 	 34 	 84 
48 	 35 	 52 
48 	 36 	 87 
48 	 37 	 99 
48 	 38 	 6 
48 	 39 	 9 
48 	 40 	 62 
48 	 41 	 57 
48 	 42 	 67 
48 	 43 	 71 
48 	 44 	 88 
48 	 45 	 58 
48 	 46 	 47 
48 	 47 	 65 
49 	 0 	 84 
49 	 1 	 22 
49 	 2 	 97 
49 	 3 	 47 
49 	 4 	 55 
49 	 5 	 36 
49 	 6 	 48 
49 	 7 	 64 
49 	 8 	 13 
49 	 9 	 41 
49 	 10 	 82 
49 	 11 	 19 
49 	 12 	 80 
49 	 13 	 24 
49 	 14 	 43 
49 	 15 	 89 
49 	 16 	 50 
49 	 17 	 31 
49 	 18 	 25 
49 	 19 	 87 
49 	 20 	 80 
49 	 21 	 94 
49 	 22 	 37 
49 	 23 	 68 
49 	 24 	 91 
49 	 25 	 74 
49 	 26 	 72 
49 	 27 	 78 
49 	 28 	 83 
49 	 29 	 1 
49 	 30 	 58 
49 	 31 	 28 
49 	 32 	 46 
49 	 33 	 18 
49 	 34 	 10 
49 	 35 	 1 
49 	 36 	 88 
49 	 37 	 35 
49 	 38 	 88 
49 	 39 	 66 
49 	 40 	 100 
49 	 41 	 23 
49 	 42 	 15 
49 	 43 	 7 
49 	 44 	 21 
49 	 45 	 90 
49 	 46 	 66 
49 	 47 	 13 
49 	 48 	 48 
50 	 0 	 1 
50 	 1 	 97 
50 	 2 	 59 
50 	 3 	 10 
50 	 4 	 69 
50 	 5 	 34 
50 	 6 	 87 
50 	 7 	 9 
50 	 8 	 65 
50 	 9 	 90 
50 	 10 	 81 
50 	 11 	 39 
50 	 12 	 74 
50 	 13 	 30 
50 	 14 	 62 
50 	 15 	 77 
50 	 16 	 51 
50 	 17 	 38 
50 	 18 	 72 
50 	 19 	 59 
50 	 20 	 13 
50 	 21 	 55 
50 	 22 	 53 
50 	 23 	 75 
50 	 24 	 55 
50 	 25 	 21 
50 	 26 	 44 
50 	 27 	 74 
50 	 28 	 2 
50 	 29 	 14 
50 	 30 	 83 
50 	 31 	 19 
50 	 32 	 89 
50 	 33 	 9 
50 	 34 	 67 
50 	 35 	 51 
50 	 36 	 23 
50 	 37 	 27 
50 	 38 	 92 
50 	 39 	 25 
50 	 40 	 43 
50 	 41 	 54 
50 	 42 	 51 
50 	 43 	 20 
50 	 44 	 74 
50 	 45 	 27 
50 	 46 	 28 
50 	 47 	 78 
50 	 48 	 62 
50 	 49 	 6 
51 	 0 	 39 
51 	 1 	 2 
51 	 2 	 77 
51 	 3 	 78 
51 	 4 	 94 
51 	 5 	 23 
51 	 6 	 55 
51 	 7 	 87 
51 	 8 	 10 
51 	 9 	 19 
51 	 10 	 9 
51 	 11 	 77 
51 	 12 	 45 
51 	 13 	 66 
51 	 14 	 12 
51 	 15 	 34 
51 	 16 	 70 
51 	 17 	 100 
51 	 18 	 100 
51 	 19 	 94 
51 	 20 	 80 
51 	 21 	 37 
51 	 22 	 59 
51 	 23 	 81 
51 	 24 	 34 
51 	 25 	 1 
51 	 26 	 61 
51 	 27 	 61 
51 	 28 	 11 
51 	 29 	 99 
51 	 30 	 87 
51 	 31 	 92 
51 	 32 	 39 
51 	 33 	 44 
51 	 34 	 17 
51 	 35 	 86 
51 	 36 	 19 
51 	 37 	 98 
51 	 38 	 57 
51 	 39 	 68 
51 	 40 	 43 
51 	 41 	 56 
51 	 42 	 76 
51 	 43 	 1 
51 	 44 	 66 
51 	 45 	 16 
51 	 46 	 96 
51 	 47 	 29 
51 	 48 	 22 
51 	 49 	 68 
51 	 50 	 44 
52 	 0 	 96 
52 	 1 	 92 
52 	 2 	 40 
52 	 3 	 92 
52 	 4 	 5 
52 	 5 	 32 
52 	 6 	 97 
52 	 7 	 75 
52 	 8 	 19 
52 	 9 	 37 
52 	 10 	 89 
52 	 11 	 39 
52 	 12 	 55 
52 	 13 	 85 
52 	 14 	 100 
52 	 15 	 93 
52 	 16 	 1 
52 	 17 	 69 
52 	 18 	 67 
52 	 19 	 34 
52 	 20 	 89 
52 	 21 	 60 
52 	 22 	 48 
52 	 23 	 51 
52 	 24 	 98 
52 	 25 	 25 
52 	 26 	 80 
52 	 27 	 48 
52 	 28 	 81 
52 	 29 	 88 
52 	 30 	 94 
52 	 31 	 40 
52 	 32 	 59 
52 	 33 	 1 
52 	 34 	 80 
52 	 35 	 47 
52 	 36 	 56 
52 	 37 	 34 
52 	 38 	 52 
52 	 39 	 87 
52 	 40 	 98 
52 	 41 	 39 
52 	 42 	 100 
52 	 43 	 77 
52 	 44 	 52 
52 	 45 	 31 
52 	 46 	 25 
52 	 47 	 79 
52 	 48 	 66 
52 	 49 	 27 
52 	 50 	 11 
52 	 51 	 26 
53 	 0 	 79 
53 	 1 	 79 
53 	 2 	 82 
53 	 3 	 50 
53 	 4 	 40 
53 	 5 	 60 
53 	 6 	 74 
53 	 7 	 26 
53 	 8 	 68 
53 	 9 	 45 
53 	 10 	 93 
53 	 11 	 59 
53 	 12 	 7 
53 	 13 	 7 
53 	 14 	 51 
53 	 15 	 38 
53 	 16 	 78 
53 	 17 	 47 
53 	 18 	 51 
53 	 19 	 35 
53 	 20 	 50 
53 	 21 	 37 
53 	 22 	 32 
53 	 23 	 3 
53 	 24 	 41 
53 	 25 	 42 
53 	 26 	 59 
53 	 27 	 34 
53 	 28 	 39 
53 	 29 	 14 
53 	 30 	 59 
53 	 31 	 74 
53 	 32 	 57 
53 	 33 	 75 
53 	 34 	 97 
53 	 35 	 56 
53 	 36 	 18 
53 	 37 	 21 
53 	 38 	 54 
53 	 39 	 5 
53 	 40 	 29 
53 	 41 	 63 
53 	 42 	 36 
53 	 43 	 12 
53 	 44 	 32 
53 	 45 	 88 
53 	 46 	 89 
53 	 47 	 49 
53 	 48 	 71 
53 	 49 	 97 
53 	 50 	 19 
53 	 51 	 24 
53 	 52 	 9 
54 	 0 	 9 
54 	 1 	 30 
54 	 2 	 38 
54 	 3 	 38 
54 	 4 	 90 
54 	 5 	 52 
54 	 6 	 49 
54 	 7 	 67 
54 	 8 	 39 
54 	 9 	 78 
54 	 10 	 2 
54 	 11 	 66 
54 	 12 	 38 
54 	 13 	 10 
54 	 14 	 4 
54 	 15 	 63 
54 	 16 	 74 
54 	 17 	 3 
54 	 18 	 41 
54 	 19 	 64 
54 	 20 	 12 
54 	 21 	 75 
54 	 22 	 87 
54 	 23 	 72 
54 	 24 	 38 
54 	 25 	 67 
54 	 26 	 24 
54 	 27 	 21 
54 	 28 	 20 
54 	 29 	 73 
54 	 30 	 23 
54 	 31 	 25 
54 	 32 	 11 
54 	 33 	 46 
54 	 34 	 48 
54 	 35 	 5 
54 	 36 	 97 
54 	 37 	 16 
54 	 38 	 62 
54 	 39 	 23 
54 	 40 	 47 
54 	 41 	 64 
54 	 42 	 26 
54 	 43 	 30 
54 	 44 	 41 
54 	 45 	 27 
54 	 46 	 25 
54 	 47 	 34 
54 	 48 	 52 
54 	 49 	 89 
54 	 50 	 12 
54 	 51 	 67 
54 	 52 	 47 
54 	 53 	 84 
55 	 0 	 30 
55 	 1 	 58 
55 	 2 	 3 
55 	 3 	 13 
55 	 4 	 82 
55 	 5 	 30 
55 	 6 	 68 
55 	 7 	 63 
55 	 8 	 35 
55 	 9 	 93 
55 	 10 	 30 
55 	 11 	 2 
55 	 12 	 51 
55 	 13 	 27 
55 	 14 	 61 
55 	 15 	 1 
55 	 16 	 78 
55 	 17 	 81 
55 	 18 	 55 
55 	 19 	 65 
55 	 20 	 80 
55 	 21 	 32 
55 	 22 	 89 
55 	 23 	 94 
55 	 24 	 33 
55 	 25 	 69 
55 	 26 	 28 
55 	 27 	 77 
55 	 28 	 81 
55 	 29 	 3 
55 	 30 	 50 
55 	 31 	 95 
55 	 32 	 26 
55 	 33 	 39 
55 	 34 	 5 
55 	 35 	 82 
55 	 36 	 36 
55 	 37 	 46 
55 	 38 	 6 
55 	 39 	 21 
55 	 40 	 83 
55 	 41 	 7 
55 	 42 	 88 
55 	 43 	 99 
55 	 44 	 9 
55 	 45 	 39 
55 	 46 	 97 
55 	 47 	 94 
55 	 48 	 13 
55 	 49 	 43 
55 	 50 	 13 
55 	 51 	 71 
55 	 52 	 82 
55 	 53 	 45 
55 	 54 	 91 
56 	 0 	 2 
56 	 1 	 45 
56 	 2 	 18 
56 	 3 	 33 
56 	 4 	 3 
56 	 5 	 81 
56 	 6 	 35 
56 	 7 	 65 
56 	 8 	 44 
56 	 9 	 52 
56 	 10 	 81 
56 	 11 	 12 
56 	 12 	 96 
56 	 13 	 26 
56 	 14 	 14 
56 	 15 	 76 
56 	 16 	 55 
56 	 17 	 83 
56 	 18 	 78 
56 	 19 	 17 
56 	 20 	 39 
56 	 21 	 68 
56 	 22 	 21 
56 	 23 	 17 
56 	 24 	 67 
56 	 25 	 41 
56 	 26 	 6 
56 	 27 	 57 
56 	 28 	 96 
56 	 29 	 16 
56 	 30 	 100 
56 	 31 	 50 
56 	 32 	 99 
56 	 33 	 56 
56 	 34 	 52 
56 	 35 	 29 
56 	 36 	 37 
56 	 37 	 52 
56 	 38 	 26 
56 	 39 	 86 
56 	 40 	 28 
56 	 41 	 63 
56 	 42 	 19 
56 	 43 	 35 
56 	 44 	 22 
56 	 45 	 68 
56 	 46 	 39 
56 	 47 	 99 
56 	 48 	 10 
56 	 49 	 45 
56 	 50 	 89 
56 	 51 	 27 
56 	 52 	 69 
56 	 53 	 17 
56 	 54 	 62 
56 	 55 	 86 
57 	 0 	 34 
57 	 1 	 17 
57 	 2 	 55 
57 	 3 	 1 
57 	 4 	 33 
57 	 5 	 76 
57 	 6 	 97 
57 	 7 	 34 
57 	 8 	 7 
57 	 9 	 63 
57 	 10 	 25 
57 	 11 	 96 
57 	 12 	 62 
57 	 13 	 71 
57 	 14 	 29 
57 	 15 	 25 
57 	 16 	 21 
57 	 17 	 75 
57 	 18 	 41 
57 	 19 	 51 
57 	 20 	 64 
57 	 21 	 22 
57 	 22 	 22 
57 	 23 	 17 
57 	 24 	 80 
57 	 25 	 43 
57 	 26 	 28 
57 	 27 	 31 
57 	 28 	 37 
57 	 29 	 9 
57 	 30 	 82 
57 	 31 	 37 
57 	 32 	 88 
57 	 33 	 36 
57 	 34 	 59 
57 	 35 	 45 
57 	 36 	 6 
57 	 37 	 85 
57 	 38 	 12 
57 	 39 	 27 
57 	 40 	 47 
57 	 41 	 53 
57 	 42 	 59 
57 	 43 	 72 
57 	 44 	 9 
57 	 45 	 26 
57 	 46 	 10 
57 	 47 	 97 
57 	 48 	 53 
57 	 49 	 43 
57 	 50 	 15 
57 	 51 	 94 
57 	 52 	 29 
57 	 53 	 84 
57 	 54 	 47 
57 	 55 	 12 
57 	 56 	 53 
58 	 0 	 31 
58 	 1 	 18 
58 	 2 	 23 
58 	 3 	 58 
58 	 4 	 76 
58 	 5 	 3 
58 	 6 	 79 
58 	 7 	 95 
58 	 8 	 6 
58 	 9 	 73 
58 	 10 	 51 
58 	 11 	 83 
58 	 12 	 95 
58 	 13 	 13 
58 	 14 	 80 
58 	 15 	 51 
58 	 16 	 41 
58 	 17 	 86 
58 	 18 	 41 
58 	 19 	 61 
58 	 20 	 41 
58 	 21 	 14 
58 	 22 	 5 
58 	 23 	 100 
58 	 24 	 84 
58 	 25 	 66 
58 	 26 	 74 
58 	 27 	 38 
58 	 28 	 8 
58 	 29 	 100 
58 	 30 	 11 
58 	 31 	 32 
58 	 32 	 86 
58 	 33 	 97 
58 	 34 	 14 
58 	 35 	 33 
58 	 36 	 72 
58 	 37 	 27 
58 	 38 	 40 
58 	 39 	 75 
58 	 40 	 12 
58 	 41 	 90 
58 	 42 	 82 
58 	 43 	 87 
58 	 44 	 30 
58 	 45 	 16 
58 	 46 	 32 
58 	 47 	 68 
58 	 48 	 55 
58 	 49 	 99 
58 	 50 	 20 
58 	 51 	 70 
58 	 52 	 45 
58 	 53 	 26 
58 	 54 	 35 
58 	 55 	 36 
58 	 56 	 4 
58 	 57 	 60 
59 	 0 	 76 
59 	 1 	 45 
59 	 2 	 66 
59 	 3 	 51 
59 	 4 	 65 
59 	 5 	 34 
59 	 6 	 45 
59 	 7 	 83 
59 	 8 	 88 
59 	 9 	 67 
59 	 10 	 66 
59 	 11 	 17 
59 	 12 	 66 
59 	 13 	 46 
59 	 14 	 45 
59 	 15 	 76 
59 	 16 	 63 
59 	 17 	 60 
59 	 18 	 31 
59 	 19 	 24 
59 	 20 	 58 
59 	 21 	 34 
59 	 22 	 98 
59 	 23 	 31 
59 	 24 	 73 
59 	 25 	 28 
59 	 26 	 98 
59 	 27 	 9 
59 	 28 	 13 
59 	 29 	 13 
59 	 30 	 95 
59 	 31 	 66 
59 	 32 	 78 
59 	 33 	 24 
59 	 34 	 90 
59 	 35 	 64 
59 	 36 	 58 
59 	 37 	 21 
59 	 38 	 49 
59 	 39 	 74 
59 	 40 	 2 
59 	 41 	 14 
59 	 42 	 17 
59 	 43 	 68 
59 	 44 	 36 
59 	 45 	 41 
59 	 46 	 83 
59 	 47 	 53 
59 	 48 	 51 
59 	 49 	 41 
59 	 50 	 36 
59 	 51 	 70 
59 	 52 	 80 
59 	 53 	 19 
59 	 54 	 43 
59 	 55 	 8 
59 	 56 	 71 
59 	 57 	 26 
59 	 58 	 74 
60 	 0 	 50 
60 	 1 	 43 
60 	 2 	 34 
60 	 3 	 97 
60 	 4 	 22 
60 	 5 	 86 
60 	 6 	 23 
60 	 7 	 26 
60 	 8 	 4 
60 	 9 	 70 
60 	 10 	 47 
60 	 11 	 41 
60 	 12 	 72 
60 	 13 	 25 
60 	 14 	 2 
60 	 15 	 29 
60 	 16 	 91 
60 	 17 	 37 
60 	 18 	 79 
60 	 19 	 28 
60 	 20 	 38 
60 	 21 	 13 
60 	 22 	 1 
60 	 23 	 47 
60 	 24 	 75 
60 	 25 	 79 
60 	 26 	 67 
60 	 27 	 5 
60 	 28 	 18 
60 	 29 	 68 
60 	 30 	 67 
60 	 31 	 79 
60 	 32 	 35 
60 	 33 	 19 
60 	 34 	 10 
60 	 35 	 17 
60 	 36 	 17 
60 	 37 	 16 
60 	 38 	 20 
60 	 39 	 64 
60 	 40 	 35 
60 	 41 	 9 
60 	 42 	 17 
60 	 43 	 94 
60 	 44 	 64 
60 	 45 	 17 
60 	 46 	 24 
60 	 47 	 44 
60 	 48 	 96 
60 	 49 	 30 
60 	 50 	 94 
60 	 51 	 62 
60 	 52 	 40 
60 	 53 	 73 
60 	 54 	 6 
60 	 55 	 56 
60 	 56 	 44 
60 	 57 	 57 
60 	 58 	 39 
60 	 59 	 1 
61 	 0 	 98 
61 	 1 	 63 
61 	 2 	 33 
61 	 3 	 83 
61 	 4 	 75 
61 	 5 	 90 
61 	 6 	 35 
61 	 7 	 64 
61 	 8 	 59 
61 	 9 	 96 
61 	 10 	 9 
61 	 11 	 99 
61 	 12 	 34 
61 	 13 	 69 
61 	 14 	 23 
61 	 15 	 87 
61 	 16 	 90 
61 	 17 	 78 
61 	 18 	 63 
61 	 19 	 9 
61 	 20 	 59 
61 	 21 	 19 
61 	 22 	 73 
61 	 23 	 54 
61 	 24 	 33 
61 	 25 	 54 
61 	 26 	 80 
61 	 27 	 67 
61 	 28 	 32 
61 	 29 	 74 
61 	 30 	 83 
61 	 31 	 34 
61 	 32 	 90 
61 	 33 	 92 
61 	 34 	 3 
61 	 35 	 4 
61 	 36 	 17 
61 	 37 	 42 
61 	 38 	 63 
61 	 39 	 90 
61 	 40 	 61 
61 	 41 	 45 
61 	 42 	 7 
61 	 43 	 16 
61 	 44 	 63 
61 	 45 	 79 
61 	 46 	 53 
61 	 47 	 59 
61 	 48 	 3 
61 	 49 	 62 
61 	 50 	 74 
61 	 51 	 86 
61 	 52 	 28 
61 	 53 	 67 
61 	 54 	 73 
61 	 55 	 93 
61 	 56 	 56 
61 	 57 	 73 
61 	 58 	 16 
61 	 59 	 72 
61 	 60 	 8 
62 	 0 	 75 
62 	 1 	 36 
62 	 2 	 16 
62 	 3 	 41 
62 	 4 	 69 
62 	 5 	 40 
62 	 6 	 99 
62 	 7 	 7 
62 	 8 	 66 
62 	 9 	 88 
62 	 10 	 80 
62 	 11 	 14 
62 	 12 	 30 
62 	 13 	 30 
62 	 14 	 82 
62 	 15 	 12 
62 	 16 	 49 
62 	 17 	 22 
62 	 18 	 94 
62 	 19 	 64 
62 	 20 	 5 
62 	 21 	 36 
62 	 22 	 15 
62 	 23 	 63 
62 	 24 	 10 
62 	 25 	 38 
62 	 26 	 48 
62 	 27 	 77 
62 	 28 	 71 
62 	 29 	 71 
62 	 30 	 95 
62 	 31 	 83 
62 	 32 	 29 
62 	 33 	 23 
62 	 34 	 52 
62 	 35 	 63 
62 	 36 	 18 
62 	 37 	 97 
62 	 38 	 30 
62 	 39 	 46 
62 	 40 	 43 
62 	 41 	 24 
62 	 42 	 81 
62 	 43 	 81 
62 	 44 	 78 
62 	 45 	 89 
62 	 46 	 12 
62 	 47 	 91 
62 	 48 	 41 
62 	 49 	 58 
62 	 50 	 21 
62 	 51 	 95 
62 	 52 	 82 
62 	 53 	 31 
62 	 54 	 4 
62 	 55 	 91 
62 	 56 	 83 
62 	 57 	 85 
62 	 58 	 84 
62 	 59 	 32 
62 	 60 	 3 
62 	 61 	 48 
63 	 0 	 42 
63 	 1 	 20 
63 	 2 	 30 
63 	 3 	 25 
63 	 4 	 17 
63 	 5 	 74 
63 	 6 	 56 
63 	 7 	 64 
63 	 8 	 55 
63 	 9 	 69 
63 	 10 	 24 
63 	 11 	 66 
63 	 12 	 13 
63 	 13 	 24 
63 	 14 	 55 
63 	 15 	 46 
63 	 16 	 60 
63 	 17 	 95 
63 	 18 	 68 
63 	 19 	 28 
63 	 20 	 5 
63 	 21 	 52 
63 	 22 	 20 
63 	 23 	 16 
63 	 24 	 100 
63 	 25 	 42 
63 	 26 	 84 
63 	 27 	 74 
63 	 28 	 98 
63 	 29 	 58 
63 	 30 	 78 
63 	 31 	 23 
63 	 32 	 12 
63 	 33 	 52 
63 	 34 	 57 
63 	 35 	 51 
63 	 36 	 46 
63 	 37 	 67 
63 	 38 	 89 
63 	 39 	 29 
63 	 40 	 62 
63 	 41 	 10 
63 	 42 	 53 
63 	 43 	 44 
63 	 44 	 46 
63 	 45 	 51 
63 	 46 	 54 
63 	 47 	 61 
63 	 48 	 91 
63 	 49 	 83 
63 	 50 	 89 
63 	 51 	 8 
63 	 52 	 56 
63 	 53 	 80 
63 	 54 	 36 
63 	 55 	 68 
63 	 56 	 18 
63 	 57 	 81 
63 	 58 	 20 
63 	 59 	 76 
63 	 60 	 70 
63 	 61 	 26 
63 	 62 	 27 
64 	 0 	 6 
64 	 1 	 6 
64 	 2 	 27 
64 	 3 	 71 
64 	 4 	 30 
64 	 5 	 55 
64 	 6 	 28 
64 	 7 	 54 
64 	 8 	 37 
64 	 9 	 58 
64 	 10 	 95 
64 	 11 	 56 
64 	 12 	 31 
64 	 13 	 66 
64 	 14 	 24 
64 	 15 	 68 
64 	 16 	 39 
64 	 17 	 53 
64 	 18 	 45 
64 	 19 	 47 
64 	 20 	 6 
64 	 21 	 15 
64 	 22 	 14 
64 	 23 	 67 
64 	 24 	 91 
64 	 25 	 51 
64 	 26 	 10 
64 	 27 	 94 
64 	 28 	 1 
64 	 29 	 99 
64 	 30 	 32 
64 	 31 	 51 
64 	 32 	 23 
64 	 33 	 32 
64 	 34 	 93 
64 	 35 	 87 
64 	 36 	 5 
64 	 37 	 40 
64 	 38 	 8 
64 	 39 	 66 
64 	 40 	 9 
64 	 41 	 77 
64 	 42 	 81 
64 	 43 	 64 
64 	 44 	 57 
64 	 45 	 5 
64 	 46 	 4 
64 	 47 	 47 
64 	 48 	 91 
64 	 49 	 43 
64 	 50 	 49 
64 	 51 	 60 
64 	 52 	 80 
64 	 53 	 93 
64 	 54 	 40 
64 	 55 	 43 
64 	 56 	 60 
64 	 57 	 88 
64 	 58 	 18 
64 	 59 	 22 
64 	 60 	 98 
64 	 61 	 71 
64 	 62 	 67 
64 	 63 	 40 
65 	 0 	 50 
65 	 1 	 78 
65 	 2 	 86 
65 	 3 	 57 
65 	 4 	 38 
65 	 5 	 41 
65 	 6 	 76 
65 	 7 	 11 
65 	 8 	 39 
65 	 9 	 85 
65 	 10 	 56 
65 	 11 	 17 
65 	 12 	 80 
65 	 13 	 20 
65 	 14 	 89 
65 	 15 	 80 
65 	 16 	 63 
65 	 17 	 25 
65 	 18 	 9 
65 	 19 	 38 
65 	 20 	 85 
65 	 21 	 13 
65 	 22 	 38 
65 	 23 	 1 
65 	 24 	 23 
65 	 25 	 50 
65 	 26 	 62 
65 	 27 	 57 
65 	 28 	 21 
65 	 29 	 51 
65 	 30 	 89 
65 	 31 	 90 
65 	 32 	 49 
65 	 33 	 3 
65 	 34 	 3 
65 	 35 	 53 
65 	 36 	 2 
65 	 37 	 84 
65 	 38 	 56 
65 	 39 	 7 
65 	 40 	 70 
65 	 41 	 93 
65 	 42 	 93 
65 	 43 	 2 
65 	 44 	 71 
65 	 45 	 1 
65 	 46 	 75 
65 	 47 	 43 
65 	 48 	 11 
65 	 49 	 18 
65 	 50 	 38 
65 	 51 	 50 
65 	 52 	 85 
65 	 53 	 74 
65 	 54 	 69 
65 	 55 	 65 
65 	 56 	 91 
65 	 57 	 78 
65 	 58 	 27 
65 	 59 	 97 
65 	 60 	 72 
65 	 61 	 32 
65 	 62 	 58 
65 	 63 	 32 
65 	 64 	 49 
66 	 0 	 33 
66 	 1 	 91 
66 	 2 	 46 
66 	 3 	 54 
66 	 4 	 21 
66 	 5 	 76 
66 	 6 	 18 
66 	 7 	 54 
66 	 8 	 18 
66 	 9 	 84 
66 	 10 	 83 
66 	 11 	 30 
66 	 12 	 77 
66 	 13 	 43 
66 	 14 	 49 
66 	 15 	 29 
66 	 16 	 31 
66 	 17 	 21 
66 	 18 	 7 
66 	 19 	 45 
66 	 20 	 93 
66 	 21 	 5 
66 	 22 	 27 
66 	 23 	 19 
66 	 24 	 25 
66 	 25 	 87 
66 	 26 	 48 
66 	 27 	 74 
66 	 28 	 70 
66 	 29 	 8 
66 	 30 	 77 
66 	 31 	 96 
66 	 32 	 5 
66 	 33 	 54 
66 	 34 	 50 
66 	 35 	 81 
66 	 36 	 8 
66 	 37 	 54 
66 	 38 	 77 
66 	 39 	 35 
66 	 40 	 54 
66 	 41 	 46 
66 	 42 	 15 
66 	 43 	 15 
66 	 44 	 96 
66 	 45 	 23 
66 	 46 	 11 
66 	 47 	 82 
66 	 48 	 47 
66 	 49 	 55 
66 	 50 	 66 
66 	 51 	 34 
66 	 52 	 89 
66 	 53 	 96 
66 	 54 	 37 
66 	 55 	 57 
66 	 56 	 7 
66 	 57 	 81 
66 	 58 	 94 
66 	 59 	 31 
66 	 60 	 35 
66 	 61 	 57 
66 	 62 	 98 
66 	 63 	 30 
66 	 64 	 35 
66 	 65 	 47 
67 	 0 	 12 
67 	 1 	 36 
67 	 2 	 47 
67 	 3 	 46 
67 	 4 	 63 
67 	 5 	 58 
67 	 6 	 80 
67 	 7 	 47 
67 	 8 	 52 
67 	 9 	 56 
67 	 10 	 47 
67 	 11 	 12 
67 	 12 	 58 
67 	 13 	 34 
67 	 14 	 88 
67 	 15 	 90 
67 	 16 	 5 
67 	 17 	 85 
67 	 18 	 21 
67 	 19 	 14 
67 	 20 	 1 
67 	 21 	 53 
67 	 22 	 28 
67 	 23 	 37 
67 	 24 	 55 
67 	 25 	 43 
67 	 26 	 15 
67 	 27 	 18 
67 	 28 	 98 
67 	 29 	 57 
67 	 30 	 4 
67 	 31 	 41 
67 	 32 	 95 
67 	 33 	 60 
67 	 34 	 63 
67 	 35 	 57 
67 	 36 	 83 
67 	 37 	 68 
67 	 38 	 45 
67 	 39 	 88 
67 	 40 	 34 
67 	 41 	 96 
67 	 42 	 59 
67 	 43 	 28 
67 	 44 	 3 
67 	 45 	 5 
67 	 46 	 18 
67 	 47 	 41 
67 	 48 	 63 
67 	 49 	 14 
67 	 50 	 27 
67 	 51 	 64 
67 	 52 	 64 
67 	 53 	 67 
67 	 54 	 86 
67 	 55 	 39 
67 	 56 	 48 
67 	 57 	 12 
67 	 58 	 25 
67 	 59 	 78 
67 	 60 	 20 
67 	 61 	 95 
67 	 62 	 85 
67 	 63 	 77 
67 	 64 	 4 
67 	 65 	 71 
67 	 66 	 63 
68 	 0 	 80 
68 	 1 	 6 
68 	 2 	 84 
68 	 3 	 28 
68 	 4 	 35 
68 	 5 	 24 
68 	 6 	 4 
68 	 7 	 81 
68 	 8 	 11 
68 	 9 	 95 
68 	 10 	 78 
68 	 11 	 19 
68 	 12 	 97 
68 	 13 	 63 
68 	 14 	 71 
68 	 15 	 71 
68 	 16 	 64 
68 	 17 	 45 
68 	 18 	 70 
68 	 19 	 72 
68 	 20 	 97 
68 	 21 	 61 
68 	 22 	 52 
68 	 23 	 18 
68 	 24 	 5 
68 	 25 	 91 
68 	 26 	 48 
68 	 27 	 87 
68 	 28 	 19 
68 	 29 	 7 
68 	 30 	 36 
68 	 31 	 13 
68 	 32 	 63 
68 	 33 	 24 
68 	 34 	 28 
68 	 35 	 81 
68 	 36 	 36 
68 	 37 	 3 
68 	 38 	 62 
68 	 39 	 37 
68 	 40 	 82 
68 	 41 	 87 
68 	 42 	 65 
68 	 43 	 77 
68 	 44 	 78 
68 	 45 	 99 
68 	 46 	 47 
68 	 47 	 97 
68 	 48 	 17 
68 	 49 	 7 
68 	 50 	 29 
68 	 51 	 37 
68 	 52 	 39 
68 	 53 	 6 
68 	 54 	 79 
68 	 55 	 56 
68 	 56 	 24 
68 	 57 	 50 
68 	 58 	 87 
68 	 59 	 23 
68 	 60 	 6 
68 	 61 	 81 
68 	 62 	 89 
68 	 63 	 78 
68 	 64 	 25 
68 	 65 	 75 
68 	 66 	 28 
68 	 67 	 33 
69 	 0 	 30 
69 	 1 	 45 
69 	 2 	 12 
69 	 3 	 97 
69 	 4 	 25 
69 	 5 	 40 
69 	 6 	 13 
69 	 7 	 70 
69 	 8 	 74 
69 	 9 	 49 
69 	 10 	 44 
69 	 11 	 13 
69 	 12 	 59 
69 	 13 	 27 
69 	 14 	 41 
69 	 15 	 6 
69 	 16 	 3 
69 	 17 	 56 
69 	 18 	 2 
69 	 19 	 48 
69 	 20 	 58 
69 	 21 	 62 
69 	 22 	 86 
69 	 23 	 11 
69 	 24 	 16 
69 	 25 	 94 
69 	 26 	 6 
69 	 27 	 41 
69 	 28 	 99 
69 	 29 	 38 
69 	 30 	 32 
69 	 31 	 35 
69 	 32 	 77 
69 	 33 	 24 
69 	 34 	 74 
69 	 35 	 79 
69 	 36 	 4 
69 	 37 	 6 
69 	 38 	 10 
69 	 39 	 39 
69 	 40 	 27 
69 	 41 	 89 
69 	 42 	 8 
69 	 43 	 17 
69 	 44 	 84 
69 	 45 	 58 
69 	 46 	 25 
69 	 47 	 50 
69 	 48 	 47 
69 	 49 	 81 
69 	 50 	 31 
69 	 51 	 30 
69 	 52 	 59 
69 	 53 	 59 
69 	 54 	 89 
69 	 55 	 66 
69 	 56 	 30 
69 	 57 	 1 
69 	 58 	 49 
69 	 59 	 88 
69 	 60 	 78 
69 	 61 	 87 
69 	 62 	 32 
69 	 63 	 95 
69 	 64 	 83 
69 	 65 	 61 
69 	 66 	 32 
69 	 67 	 52 
69 	 68 	 35 
70 	 0 	 11 
70 	 1 	 82 
70 	 2 	 10 
70 	 3 	 6 
70 	 4 	 89 
70 	 5 	 72 
70 	 6 	 47 
70 	 7 	 50 
70 	 8 	 1 
70 	 9 	 12 
70 	 10 	 43 
70 	 11 	 56 
70 	 12 	 50 
70 	 13 	 47 
70 	 14 	 8 
70 	 15 	 88 
70 	 16 	 58 
70 	 17 	 32 
70 	 18 	 40 
70 	 19 	 72 
70 	 20 	 30 
70 	 21 	 76 
70 	 22 	 89 
70 	 23 	 29 
70 	 24 	 15 
70 	 25 	 28 
70 	 26 	 51 
70 	 27 	 58 
70 	 28 	 22 
70 	 29 	 53 
70 	 30 	 54 
70 	 31 	 98 
70 	 32 	 5 
70 	 33 	 99 
70 	 34 	 73 
70 	 35 	 5 
70 	 36 	 93 
70 	 37 	 2 
70 	 38 	 81 
70 	 39 	 48 
70 	 40 	 18 
70 	 41 	 1 
70 	 42 	 93 
70 	 43 	 4 
70 	 44 	 36 
70 	 45 	 14 
70 	 46 	 24 
70 	 47 	 30 
70 	 48 	 100 
70 	 49 	 4 
70 	 50 	 79 
70 	 51 	 51 
70 	 52 	 15 
70 	 53 	 12 
70 	 54 	 11 
70 	 55 	 22 
70 	 56 	 71 
70 	 57 	 30 
70 	 58 	 53 
70 	 59 	 27 
70 	 60 	 42 
70 	 61 	 48 
70 	 62 	 13 
70 	 63 	 79 
70 	 64 	 76 
70 	 65 	 7 
70 	 66 	 1 
70 	 67 	 99 
70 	 68 	 52 
70 	 69 	 89 
71 	 0 	 53 
71 	 1 	 95 
71 	 2 	 97 
71 	 3 	 14 
71 	 4 	 66 
71 	 5 	 18 
71 	 6 	 20 
71 	 7 	 45 
71 	 8 	 73 
71 	 9 	 70 
71 	 10 	 31 
71 	 11 	 24 
71 	 12 	 71 
71 	 13 	 94 
71 	 14 	 68 
71 	 15 	 75 
71 	 16 	 48 
71 	 17 	 64 
71 	 18 	 54 
71 	 19 	 43 
71 	 20 	 74 
71 	 21 	 17 
71 	 22 	 15 
71 	 23 	 47 
71 	 24 	 61 
71 	 25 	 37 
71 	 26 	 28 
71 	 27 	 41 
71 	 28 	 8 
71 	 29 	 93 
71 	 30 	 20 
71 	 31 	 54 
71 	 32 	 88 
71 	 33 	 2 
71 	 34 	 21 
71 	 35 	 93 
71 	 36 	 1 
71 	 37 	 20 
71 	 38 	 100 
71 	 39 	 23 
71 	 40 	 20 
71 	 41 	 38 
71 	 42 	 47 
71 	 43 	 22 
71 	 44 	 23 
71 	 45 	 28 
71 	 46 	 51 
71 	 47 	 45 
71 	 48 	 33 
71 	 49 	 94 
71 	 50 	 74 
71 	 51 	 69 
71 	 52 	 56 
71 	 53 	 27 
71 	 54 	 58 
71 	 55 	 67 
71 	 56 	 59 
71 	 57 	 13 
71 	 58 	 3 
71 	 59 	 98 
71 	 60 	 50 
71 	 61 	 31 
71 	 62 	 36 
71 	 63 	 35 
71 	 64 	 43 
71 	 65 	 81 
71 	 66 	 67 
71 	 67 	 64 
71 	 68 	 48 
71 	 69 	 13 
71 	 70 	 87 
72 	 0 	 53 
72 	 1 	 48 
72 	 2 	 7 
72 	 3 	 19 
72 	 4 	 34 
72 	 5 	 100 
72 	 6 	 96 
72 	 7 	 22 
72 	 8 	 36 
72 	 9 	 93 
72 	 10 	 92 
72 	 11 	 80 
72 	 12 	 45 
72 	 13 	 71 
72 	 14 	 49 
72 	 15 	 63 
72 	 16 	 91 
72 	 17 	 75 
72 	 18 	 41 
72 	 19 	 51 
72 	 20 	 11 
72 	 21 	 23 
72 	 22 	 51 
72 	 23 	 39 
72 	 24 	 85 
72 	 25 	 94 
72 	 26 	 60 
72 	 27 	 95 
72 	 28 	 51 
72 	 29 	 91 
72 	 30 	 1 
72 	 31 	 59 
72 	 32 	 57 
72 	 33 	 34 
72 	 34 	 85 
72 	 35 	 78 
72 	 36 	 40 
72 	 37 	 77 
72 	 38 	 33 
72 	 39 	 52 
72 	 40 	 26 
72 	 41 	 43 
72 	 42 	 90 
72 	 43 	 82 
72 	 44 	 23 
72 	 45 	 13 
72 	 46 	 76 
72 	 47 	 62 
72 	 48 	 3 
72 	 49 	 16 
72 	 50 	 89 
72 	 51 	 70 
72 	 52 	 93 
72 	 53 	 43 
72 	 54 	 53 
72 	 55 	 71 
72 	 56 	 15 
72 	 57 	 63 
72 	 58 	 17 
72 	 59 	 83 
72 	 60 	 84 
72 	 61 	 6 
72 	 62 	 50 
72 	 63 	 77 
72 	 64 	 21 
72 	 65 	 9 
72 	 66 	 54 
72 	 67 	 46 
72 	 68 	 75 
72 	 69 	 76 
72 	 70 	 27 
72 	 71 	 7 
73 	 0 	 19 
73 	 1 	 98 
73 	 2 	 24 
73 	 3 	 57 
73 	 4 	 95 
73 	 5 	 25 
73 	 6 	 67 
73 	 7 	 49 
73 	 8 	 21 
73 	 9 	 96 
73 	 10 	 68 
73 	 11 	 82 
73 	 12 	 63 
73 	 13 	 87 
73 	 14 	 95 
73 	 15 	 17 
73 	 16 	 15 
73 	 17 	 16 
73 	 18 	 62 
73 	 19 	 91 
73 	 20 	 43 
73 	 21 	 63 
73 	 22 	 9 
73 	 23 	 88 
73 	 24 	 80 
73 	 25 	 26 
73 	 26 	 5 
73 	 27 	 60 
73 	 28 	 93 
73 	 29 	 21 
73 	 30 	 93 
73 	 31 	 94 
73 	 32 	 11 
73 	 33 	 13 
73 	 34 	 30 
73 	 35 	 62 
73 	 36 	 24 
73 	 37 	 67 
73 	 38 	 61 
73 	 39 	 44 
73 	 40 	 49 
73 	 41 	 98 
73 	 42 	 88 
73 	 43 	 33 
73 	 44 	 12 
73 	 45 	 84 
73 	 46 	 6 
73 	 47 	 9 
73 	 48 	 9 
73 	 49 	 15 
73 	 50 	 64 
73 	 51 	 2 
73 	 52 	 97 
73 	 53 	 94 
73 	 54 	 9 
73 	 55 	 89 
73 	 56 	 19 
73 	 57 	 22 
73 	 58 	 67 
73 	 59 	 94 
73 	 60 	 47 
73 	 61 	 40 
73 	 62 	 70 
73 	 63 	 37 
73 	 64 	 84 
73 	 65 	 62 
73 	 66 	 65 
73 	 67 	 50 
73 	 68 	 37 
73 	 69 	 17 
73 	 70 	 46 
73 	 71 	 39 
73 	 72 	 68 
74 	 0 	 20 
74 	 1 	 85 
74 	 2 	 10 
74 	 3 	 78 
74 	 4 	 88 
74 	 5 	 66 
74 	 6 	 27 
74 	 7 	 9 
74 	 8 	 23 
74 	 9 	 93 
74 	 10 	 87 
74 	 11 	 91 
74 	 12 	 84 
74 	 13 	 18 
74 	 14 	 66 
74 	 15 	 77 
74 	 16 	 92 
74 	 17 	 8 
74 	 18 	 50 
74 	 19 	 77 
74 	 20 	 82 
74 	 21 	 27 
74 	 22 	 56 
74 	 23 	 18 
74 	 24 	 86 
74 	 25 	 12 
74 	 26 	 63 
74 	 27 	 47 
74 	 28 	 53 
74 	 29 	 1 
74 	 30 	 85 
74 	 31 	 1 
74 	 32 	 22 
74 	 33 	 83 
74 	 34 	 92 
74 	 35 	 62 
74 	 36 	 21 
74 	 37 	 91 
74 	 38 	 62 
74 	 39 	 96 
74 	 40 	 97 
74 	 41 	 97 
74 	 42 	 46 
74 	 43 	 59 
74 	 44 	 57 
74 	 45 	 31 
74 	 46 	 16 
74 	 47 	 66 
74 	 48 	 20 
74 	 49 	 67 
74 	 50 	 94 
74 	 51 	 90 
74 	 52 	 49 
74 	 53 	 53 
74 	 54 	 35 
74 	 55 	 59 
74 	 56 	 28 
74 	 57 	 5 
74 	 58 	 38 
74 	 59 	 18 
74 	 60 	 27 
74 	 61 	 30 
74 	 62 	 35 
74 	 63 	 85 
74 	 64 	 1 
74 	 65 	 12 
74 	 66 	 25 
74 	 67 	 88 
74 	 68 	 92 
74 	 69 	 58 
74 	 70 	 21 
74 	 71 	 26 
74 	 72 	 89 
74 	 73 	 39 
75 	 0 	 5 
75 	 1 	 76 
75 	 2 	 62 
75 	 3 	 52 
75 	 4 	 84 
75 	 5 	 45 
75 	 6 	 13 
75 	 7 	 18 
75 	 8 	 86 
75 	 9 	 4 
75 	 10 	 75 
75 	 11 	 81 
75 	 12 	 5 
75 	 13 	 3 
75 	 14 	 2 
75 	 15 	 42 
75 	 16 	 14 
75 	 17 	 24 
75 	 18 	 86 
75 	 19 	 48 
75 	 20 	 31 
75 	 21 	 81 
75 	 22 	 87 
75 	 23 	 46 
75 	 24 	 34 
75 	 25 	 39 
75 	 26 	 55 
75 	 27 	 28 
75 	 28 	 88 
75 	 29 	 50 
75 	 30 	 47 
75 	 31 	 95 
75 	 32 	 13 
75 	 33 	 23 
75 	 34 	 26 
75 	 35 	 48 
75 	 36 	 85 
75 	 37 	 77 
75 	 38 	 99 
75 	 39 	 49 
75 	 40 	 76 
75 	 41 	 31 
75 	 42 	 22 
75 	 43 	 67 
75 	 44 	 81 
75 	 45 	 54 
75 	 46 	 73 
75 	 47 	 95 
75 	 48 	 6 
75 	 49 	 90 
75 	 50 	 59 
75 	 51 	 53 
75 	 52 	 97 
75 	 53 	 6 
75 	 54 	 15 
75 	 55 	 58 
75 	 56 	 86 
75 	 57 	 25 
75 	 58 	 54 
75 	 59 	 59 
75 	 60 	 91 
75 	 61 	 21 
75 	 62 	 80 
75 	 63 	 89 
75 	 64 	 5 
75 	 65 	 62 
75 	 66 	 80 
75 	 67 	 15 
75 	 68 	 83 
75 	 69 	 12 
75 	 70 	 14 
75 	 71 	 13 
75 	 72 	 3 
75 	 73 	 93 
75 	 74 	 89 
76 	 0 	 76 
76 	 1 	 99 
76 	 2 	 89 
76 	 3 	 60 
76 	 4 	 15 
76 	 5 	 76 
76 	 6 	 89 
76 	 7 	 3 
76 	 8 	 4 
76 	 9 	 8 
76 	 10 	 33 
76 	 11 	 96 
76 	 12 	 43 
76 	 13 	 61 
76 	 14 	 81 
76 	 15 	 5 
76 	 16 	 52 
76 	 17 	 96 
76 	 18 	 52 
76 	 19 	 21 
76 	 20 	 17 
76 	 21 	 45 
76 	 22 	 37 
76 	 23 	 96 
76 	 24 	 88 
76 	 25 	 10 
76 	 26 	 37 
76 	 27 	 54 
76 	 28 	 82 
76 	 29 	 73 
76 	 30 	 45 
76 	 31 	 44 
76 	 32 	 69 
76 	 33 	 49 
76 	 34 	 6 
76 	 35 	 11 
76 	 36 	 6 
76 	 37 	 80 
76 	 38 	 38 
76 	 39 	 14 
76 	 40 	 53 
76 	 41 	 56 
76 	 42 	 46 
76 	 43 	 73 
76 	 44 	 83 
76 	 45 	 93 
76 	 46 	 80 
76 	 47 	 78 
76 	 48 	 85 
76 	 49 	 21 
76 	 50 	 11 
76 	 51 	 45 
76 	 52 	 83 
76 	 53 	 93 
76 	 54 	 40 
76 	 55 	 54 
76 	 56 	 36 
76 	 57 	 28 
76 	 58 	 58 
76 	 59 	 43 
76 	 60 	 26 
76 	 61 	 51 
76 	 62 	 56 
76 	 63 	 24 
76 	 64 	 16 
76 	 65 	 42 
76 	 66 	 85 
76 	 67 	 66 
76 	 68 	 91 
76 	 69 	 91 
76 	 70 	 11 
76 	 71 	 56 
76 	 72 	 22 
76 	 73 	 27 
76 	 74 	 25 
76 	 75 	 34 
77 	 0 	 88 
77 	 1 	 99 
77 	 2 	 22 
77 	 3 	 22 
77 	 4 	 55 
77 	 5 	 22 
77 	 6 	 23 
77 	 7 	 21 
77 	 8 	 75 
77 	 9 	 14 
77 	 10 	 68 
77 	 11 	 30 
77 	 12 	 82 
77 	 13 	 66 
77 	 14 	 60 
77 	 15 	 51 
77 	 16 	 91 
77 	 17 	 3 
77 	 18 	 60 
77 	 19 	 76 
77 	 20 	 27 
77 	 21 	 1 
77 	 22 	 20 
77 	 23 	 89 
77 	 24 	 40 
77 	 25 	 13 
77 	 26 	 39 
77 	 27 	 51 
77 	 28 	 47 
77 	 29 	 39 
77 	 30 	 89 
77 	 31 	 33 
77 	 32 	 26 
77 	 33 	 26 
77 	 34 	 75 
77 	 35 	 32 
77 	 36 	 26 
77 	 37 	 30 
77 	 38 	 75 
77 	 39 	 8 
77 	 40 	 25 
77 	 41 	 47 
77 	 42 	 8 
77 	 43 	 55 
77 	 44 	 47 
77 	 45 	 88 
77 	 46 	 82 
77 	 47 	 7 
77 	 48 	 93 
77 	 49 	 15 
77 	 50 	 90 
77 	 51 	 35 
77 	 52 	 57 
77 	 53 	 52 
77 	 54 	 52 
77 	 55 	 35 
77 	 56 	 67 
77 	 57 	 17 
77 	 58 	 16 
77 	 59 	 24 
77 	 60 	 96 
77 	 61 	 81 
77 	 62 	 22 
77 	 63 	 31 
77 	 64 	 37 
77 	 65 	 78 
77 	 66 	 87 
77 	 67 	 81 
77 	 68 	 54 
77 	 69 	 47 
77 	 70 	 33 
77 	 71 	 47 
77 	 72 	 6 
77 	 73 	 24 
77 	 74 	 57 
77 	 75 	 31 
77 	 76 	 97 
78 	 0 	 31 
78 	 1 	 65 
78 	 2 	 70 
78 	 3 	 16 
78 	 4 	 72 
78 	 5 	 84 
78 	 6 	 27 
78 	 7 	 68 
78 	 8 	 56 
78 	 9 	 72 
78 	 10 	 71 
78 	 11 	 74 
78 	 12 	 12 
78 	 13 	 21 
78 	 14 	 98 
78 	 15 	 43 
78 	 16 	 100 
78 	 17 	 32 
78 	 18 	 9 
78 	 19 	 98 
78 	 20 	 54 
78 	 21 	 42 
78 	 22 	 42 
78 	 23 	 5 
78 	 24 	 55 
78 	 25 	 2 
78 	 26 	 87 
78 	 27 	 43 
78 	 28 	 76 
78 	 29 	 4 
78 	 30 	 95 
78 	 31 	 62 
78 	 32 	 79 
78 	 33 	 51 
78 	 34 	 76 
78 	 35 	 38 
78 	 36 	 16 
78 	 37 	 42 
78 	 38 	 50 
78 	 39 	 26 
78 	 40 	 26 
78 	 41 	 97 
78 	 42 	 31 
78 	 43 	 36 
78 	 44 	 44 
78 	 45 	 91 
78 	 46 	 100 
78 	 47 	 67 
78 	 48 	 21 
78 	 49 	 93 
78 	 50 	 91 
78 	 51 	 89 
78 	 52 	 19 
78 	 53 	 11 
78 	 54 	 64 
78 	 55 	 97 
78 	 56 	 96 
78 	 57 	 75 
78 	 58 	 43 
78 	 59 	 27 
78 	 60 	 83 
78 	 61 	 6 
78 	 62 	 67 
78 	 63 	 80 
78 	 64 	 38 
78 	 65 	 97 
78 	 66 	 31 
78 	 67 	 77 
78 	 68 	 18 
78 	 69 	 85 
78 	 70 	 45 
78 	 71 	 39 
78 	 72 	 51 
78 	 73 	 72 
78 	 74 	 45 
78 	 75 	 59 
78 	 76 	 19 
78 	 77 	 44 
79 	 0 	 6 
79 	 1 	 96 
79 	 2 	 80 
79 	 3 	 91 
79 	 4 	 60 
79 	 5 	 4 
79 	 6 	 99 
79 	 7 	 44 
79 	 8 	 88 
79 	 9 	 55 
79 	 10 	 40 
79 	 11 	 42 
79 	 12 	 39 
79 	 13 	 77 
79 	 14 	 33 
79 	 15 	 60 
79 	 16 	 20 
79 	 17 	 28 
79 	 18 	 7 
79 	 19 	 87 
79 	 20 	 5 
79 	 21 	 32 
79 	 22 	 97 
79 	 23 	 69 
79 	 24 	 3 
79 	 25 	 5 
79 	 26 	 9 
79 	 27 	 87 
79 	 28 	 13 
79 	 29 	 24 
79 	 30 	 47 
79 	 31 	 49 
79 	 32 	 49 
79 	 33 	 42 
79 	 34 	 23 
79 	 35 	 46 
79 	 36 	 96 
79 	 37 	 58 
79 	 38 	 64 
79 	 39 	 56 
79 	 40 	 31 
79 	 41 	 66 
79 	 42 	 44 
79 	 43 	 7 
79 	 44 	 21 
79 	 45 	 63 
79 	 46 	 14 
79 	 47 	 94 
79 	 48 	 98 
79 	 49 	 98 
79 	 50 	 97 
79 	 51 	 39 
79 	 52 	 86 
79 	 53 	 77 
79 	 54 	 59 
79 	 55 	 64 
79 	 56 	 8 
79 	 57 	 11 
79 	 58 	 56 
79 	 59 	 89 
79 	 60 	 91 
79 	 61 	 58 
79 	 62 	 60 
79 	 63 	 63 
79 	 64 	 36 
79 	 65 	 94 
79 	 66 	 1 
79 	 67 	 9 
79 	 68 	 76 
79 	 69 	 78 
79 	 70 	 72 
79 	 71 	 54 
79 	 72 	 71 
79 	 73 	 77 
79 	 74 	 17 
79 	 75 	 41 
79 	 76 	 23 
79 	 77 	 49 
79 	 78 	 79 
80 	 0 	 97 
80 	 1 	 8 
80 	 2 	 54 
80 	 3 	 67 
80 	 4 	 11 
80 	 5 	 10 
80 	 6 	 57 
80 	 7 	 19 
80 	 8 	 42 
80 	 9 	 98 
80 	 10 	 31 
80 	 11 	 22 
80 	 12 	 4 
80 	 13 	 27 
80 	 14 	 81 
80 	 15 	 52 
80 	 16 	 83 
80 	 17 	 33 
80 	 18 	 79 
80 	 19 	 60 
80 	 20 	 69 
80 	 21 	 65 
80 	 22 	 87 
80 	 23 	 14 
80 	 24 	 95 
80 	 25 	 78 
80 	 26 	 5 
80 	 27 	 84 
80 	 28 	 83 
80 	 29 	 6 
80 	 30 	 1 
80 	 31 	 26 
80 	 32 	 96 
80 	 33 	 11 
80 	 34 	 5 
80 	 35 	 79 
80 	 36 	 89 
80 	 37 	 33 
80 	 38 	 14 
80 	 39 	 2 
80 	 40 	 94 
80 	 41 	 22 
80 	 42 	 36 
80 	 43 	 99 
80 	 44 	 75 
80 	 45 	 89 
80 	 46 	 57 
80 	 47 	 10 
80 	 48 	 75 
80 	 49 	 60 
80 	 50 	 20 
80 	 51 	 99 
80 	 52 	 86 
80 	 53 	 65 
80 	 54 	 28 
80 	 55 	 57 
80 	 56 	 51 
80 	 57 	 75 
80 	 58 	 19 
80 	 59 	 21 
80 	 60 	 70 
80 	 61 	 53 
80 	 62 	 89 
80 	 63 	 92 
80 	 64 	 17 
80 	 65 	 68 
80 	 66 	 94 
80 	 67 	 49 
80 	 68 	 40 
80 	 69 	 31 
80 	 70 	 76 
80 	 71 	 29 
80 	 72 	 91 
80 	 73 	 12 
80 	 74 	 48 
80 	 75 	 29 
80 	 76 	 30 
80 	 77 	 93 
80 	 78 	 100 
80 	 79 	 62 
81 	 0 	 29 
81 	 1 	 37 
81 	 2 	 15 
81 	 3 	 91 
81 	 4 	 86 
81 	 5 	 60 
81 	 6 	 12 
81 	 7 	 24 
81 	 8 	 40 
81 	 9 	 86 
81 	 10 	 32 
81 	 11 	 67 
81 	 12 	 84 
81 	 13 	 40 
81 	 14 	 1 
81 	 15 	 20 
81 	 16 	 46 
81 	 17 	 88 
81 	 18 	 58 
81 	 19 	 43 
81 	 20 	 89 
81 	 21 	 41 
81 	 22 	 38 
81 	 23 	 80 
81 	 24 	 88 
81 	 25 	 81 
81 	 26 	 80 
81 	 27 	 55 
81 	 28 	 10 
81 	 29 	 65 
81 	 30 	 62 
81 	 31 	 4 
81 	 32 	 94 
81 	 33 	 8 
81 	 34 	 55 
81 	 35 	 55 
81 	 36 	 47 
81 	 37 	 48 
81 	 38 	 89 
81 	 39 	 74 
81 	 40 	 94 
81 	 41 	 8 
81 	 42 	 39 
81 	 43 	 52 
81 	 44 	 42 
81 	 45 	 36 
81 	 46 	 69 
81 	 47 	 14 
81 	 48 	 25 
81 	 49 	 73 
81 	 50 	 62 
81 	 51 	 48 
81 	 52 	 19 
81 	 53 	 87 
81 	 54 	 86 
81 	 55 	 77 
81 	 56 	 44 
81 	 57 	 8 
81 	 58 	 50 
81 	 59 	 8 
81 	 60 	 8 
81 	 61 	 77 
81 	 62 	 80 
81 	 63 	 33 
81 	 64 	 100 
81 	 65 	 83 
81 	 66 	 96 
81 	 67 	 52 
81 	 68 	 41 
81 	 69 	 25 
81 	 70 	 96 
81 	 71 	 20 
81 	 72 	 62 
81 	 73 	 38 
81 	 74 	 67 
81 	 75 	 53 
81 	 76 	 42 
81 	 77 	 49 
81 	 78 	 98 
81 	 79 	 61 
81 	 80 	 31 
82 	 0 	 14 
82 	 1 	 17 
82 	 2 	 63 
82 	 3 	 83 
82 	 4 	 12 
82 	 5 	 64 
82 	 6 	 32 
82 	 7 	 15 
82 	 8 	 9 
82 	 9 	 96 
82 	 10 	 7 
82 	 11 	 31 
82 	 12 	 65 
82 	 13 	 8 
82 	 14 	 23 
82 	 15 	 39 
82 	 16 	 63 
82 	 17 	 20 
82 	 18 	 43 
82 	 19 	 10 
82 	 20 	 28 
82 	 21 	 15 
82 	 22 	 29 
82 	 23 	 75 
82 	 24 	 64 
82 	 25 	 40 
82 	 26 	 87 
82 	 27 	 18 
82 	 28 	 33 
82 	 29 	 32 
82 	 30 	 97 
82 	 31 	 36 
82 	 32 	 40 
82 	 33 	 88 
82 	 34 	 47 
82 	 35 	 90 
82 	 36 	 100 
82 	 37 	 7 
82 	 38 	 78 
82 	 39 	 96 
82 	 40 	 60 
82 	 41 	 48 
82 	 42 	 67 
82 	 43 	 32 
82 	 44 	 20 
82 	 45 	 92 
82 	 46 	 45 
82 	 47 	 76 
82 	 48 	 61 
82 	 49 	 18 
82 	 50 	 72 
82 	 51 	 3 
82 	 52 	 12 
82 	 53 	 67 
82 	 54 	 56 
82 	 55 	 84 
82 	 56 	 21 
82 	 57 	 30 
82 	 58 	 97 
82 	 59 	 47 
82 	 60 	 31 
82 	 61 	 97 
82 	 62 	 88 
82 	 63 	 23 
82 	 64 	 55 
82 	 65 	 17 
82 	 66 	 36 
82 	 67 	 86 
82 	 68 	 83 
82 	 69 	 30 
82 	 70 	 52 
82 	 71 	 58 
82 	 72 	 92 
82 	 73 	 35 
82 	 74 	 28 
82 	 75 	 26 
82 	 76 	 3 
82 	 77 	 97 
82 	 78 	 65 
82 	 79 	 14 
82 	 80 	 53 
82 	 81 	 2 
83 	 0 	 24 
83 	 1 	 1 
83 	 2 	 20 
83 	 3 	 31 
83 	 4 	 3 
83 	 5 	 48 
83 	 6 	 51 
83 	 7 	 46 
83 	 8 	 29 
83 	 9 	 34 
83 	 10 	 33 
83 	 11 	 1 
83 	 12 	 87 
83 	 13 	 59 
83 	 14 	 7 
83 	 15 	 59 
83 	 16 	 1 
83 	 17 	 40 
83 	 18 	 60 
83 	 19 	 83 
83 	 20 	 46 
83 	 21 	 23 
83 	 22 	 38 
83 	 23 	 2 
83 	 24 	 71 
83 	 25 	 18 
83 	 26 	 7 
83 	 27 	 7 
83 	 28 	 30 
83 	 29 	 78 
83 	 30 	 62 
83 	 31 	 47 
83 	 32 	 69 
83 	 33 	 72 
83 	 34 	 65 
83 	 35 	 57 
83 	 36 	 43 
83 	 37 	 35 
83 	 38 	 31 
83 	 39 	 58 
83 	 40 	 95 
83 	 41 	 70 
83 	 42 	 11 
83 	 43 	 20 
83 	 44 	 74 
83 	 45 	 51 
83 	 46 	 67 
83 	 47 	 27 
83 	 48 	 51 
83 	 49 	 12 
83 	 50 	 49 
83 	 51 	 40 
83 	 52 	 27 
83 	 53 	 82 
83 	 54 	 91 
83 	 55 	 43 
83 	 56 	 10 
83 	 57 	 50 
83 	 58 	 72 
83 	 59 	 98 
83 	 60 	 70 
83 	 61 	 37 
83 	 62 	 28 
83 	 63 	 65 
83 	 64 	 8 
83 	 65 	 89 
83 	 66 	 67 
83 	 67 	 33 
83 	 68 	 89 
83 	 69 	 46 
83 	 70 	 14 
83 	 71 	 10 
83 	 72 	 46 
83 	 73 	 20 
83 	 74 	 27 
83 	 75 	 20 
83 	 76 	 31 
83 	 77 	 92 
83 	 78 	 97 
83 	 79 	 49 
83 	 80 	 49 
83 	 81 	 65 
83 	 82 	 95 
84 	 0 	 45 
84 	 1 	 43 
84 	 2 	 93 
84 	 3 	 12 
84 	 4 	 75 
84 	 5 	 70 
84 	 6 	 71 
84 	 7 	 65 
84 	 8 	 95 
84 	 9 	 56 
84 	 10 	 46 
84 	 11 	 69 
84 	 12 	 58 
84 	 13 	 95 
84 	 14 	 44 
84 	 15 	 55 
84 	 16 	 56 
84 	 17 	 41 
84 	 18 	 51 
84 	 19 	 18 
84 	 20 	 72 
84 	 21 	 55 
84 	 22 	 41 
84 	 23 	 35 
84 	 24 	 68 
84 	 25 	 24 
84 	 26 	 32 
84 	 27 	 31 
84 	 28 	 7 
84 	 29 	 22 
84 	 30 	 16 
84 	 31 	 62 
84 	 32 	 62 
84 	 33 	 34 
84 	 34 	 7 
84 	 35 	 7 
84 	 36 	 38 
84 	 37 	 3 
84 	 38 	 84 
84 	 39 	 27 
84 	 40 	 43 
84 	 41 	 89 
84 	 42 	 93 
84 	 43 	 73 
84 	 44 	 54 
84 	 45 	 36 
84 	 46 	 93 
84 	 47 	 9 
84 	 48 	 80 
84 	 49 	 47 
84 	 50 	 34 
84 	 51 	 68 
84 	 52 	 37 
84 	 53 	 8 
84 	 54 	 24 
84 	 55 	 22 
84 	 56 	 37 
84 	 57 	 19 
84 	 58 	 34 
84 	 59 	 37 
84 	 60 	 76 
84 	 61 	 8 
84 	 62 	 46 
84 	 63 	 17 
84 	 64 	 28 
84 	 65 	 83 
84 	 66 	 27 
84 	 67 	 71 
84 	 68 	 79 
84 	 69 	 46 
84 	 70 	 71 
84 	 71 	 81 
84 	 72 	 47 
84 	 73 	 69 
84 	 74 	 18 
84 	 75 	 87 
84 	 76 	 58 
84 	 77 	 29 
84 	 78 	 54 
84 	 79 	 10 
84 	 80 	 35 
84 	 81 	 12 
84 	 82 	 47 
84 	 83 	 35 
85 	 0 	 28 
85 	 1 	 34 
85 	 2 	 71 
85 	 3 	 33 
85 	 4 	 42 
85 	 5 	 36 
85 	 6 	 14 
85 	 7 	 1 
85 	 8 	 6 
85 	 9 	 41 
85 	 10 	 63 
85 	 11 	 62 
85 	 12 	 81 
85 	 13 	 11 
85 	 14 	 6 
85 	 15 	 95 
85 	 16 	 5 
85 	 17 	 26 
85 	 18 	 22 
85 	 19 	 23 
85 	 20 	 16 
85 	 21 	 10 
85 	 22 	 41 
85 	 23 	 71 
85 	 24 	 82 
85 	 25 	 7 
85 	 26 	 59 
85 	 27 	 15 
85 	 28 	 97 
85 	 29 	 66 
85 	 30 	 82 
85 	 31 	 33 
85 	 32 	 7 
85 	 33 	 2 
85 	 34 	 9 
85 	 35 	 19 
85 	 36 	 74 
85 	 37 	 71 
85 	 38 	 92 
85 	 39 	 89 
85 	 40 	 12 
85 	 41 	 54 
85 	 42 	 55 
85 	 43 	 53 
85 	 44 	 89 
85 	 45 	 56 
85 	 46 	 26 
85 	 47 	 18 
85 	 48 	 60 
85 	 49 	 98 
85 	 50 	 4 
85 	 51 	 77 
85 	 52 	 40 
85 	 53 	 38 
85 	 54 	 30 
85 	 55 	 91 
85 	 56 	 36 
85 	 57 	 79 
85 	 58 	 59 
85 	 59 	 22 
85 	 60 	 93 
85 	 61 	 56 
85 	 62 	 43 
85 	 63 	 77 
85 	 64 	 90 
85 	 65 	 73 
85 	 66 	 68 
85 	 67 	 10 
85 	 68 	 74 
85 	 69 	 39 
85 	 70 	 83 
85 	 71 	 74 
85 	 72 	 99 
85 	 73 	 63 
85 	 74 	 38 
85 	 75 	 84 
85 	 76 	 21 
85 	 77 	 42 
85 	 78 	 55 
85 	 79 	 59 
85 	 80 	 76 
85 	 81 	 23 
85 	 82 	 21 
85 	 83 	 23 
85 	 84 	 57 
86 	 0 	 28 
86 	 1 	 49 
86 	 2 	 91 
86 	 3 	 61 
86 	 4 	 53 
86 	 5 	 75 
86 	 6 	 57 
86 	 7 	 35 
86 	 8 	 15 
86 	 9 	 59 
86 	 10 	 55 
86 	 11 	 42 
86 	 12 	 67 
86 	 13 	 91 
86 	 14 	 76 
86 	 15 	 18 
86 	 16 	 2 
86 	 17 	 34 
86 	 18 	 99 
86 	 19 	 30 
86 	 20 	 51 
86 	 21 	 65 
86 	 22 	 15 
86 	 23 	 6 
86 	 24 	 19 
86 	 25 	 24 
86 	 26 	 5 
86 	 27 	 75 
86 	 28 	 88 
86 	 29 	 33 
86 	 30 	 45 
86 	 31 	 37 
86 	 32 	 31 
86 	 33 	 96 
86 	 34 	 66 
86 	 35 	 8 
86 	 36 	 90 
86 	 37 	 40 
86 	 38 	 83 
86 	 39 	 82 
86 	 40 	 92 
86 	 41 	 70 
86 	 42 	 14 
86 	 43 	 51 
86 	 44 	 70 
86 	 45 	 60 
86 	 46 	 33 
86 	 47 	 24 
86 	 48 	 58 
86 	 49 	 20 
86 	 50 	 100 
86 	 51 	 61 
86 	 52 	 74 
86 	 53 	 80 
86 	 54 	 5 
86 	 55 	 14 
86 	 56 	 92 
86 	 57 	 79 
86 	 58 	 39 
86 	 59 	 66 
86 	 60 	 100 
86 	 61 	 60 
86 	 62 	 36 
86 	 63 	 69 
86 	 64 	 81 
86 	 65 	 71 
86 	 66 	 36 
86 	 67 	 86 
86 	 68 	 5 
86 	 69 	 48 
86 	 70 	 42 
86 	 71 	 100 
86 	 72 	 61 
86 	 73 	 88 
86 	 74 	 53 
86 	 75 	 91 
86 	 76 	 27 
86 	 77 	 20 
86 	 78 	 25 
86 	 79 	 81 
86 	 80 	 6 
86 	 81 	 18 
86 	 82 	 90 
86 	 83 	 18 
86 	 84 	 61 
86 	 85 	 37 
87 	 0 	 95 
87 	 1 	 20 
87 	 2 	 60 
87 	 3 	 27 
87 	 4 	 51 
87 	 5 	 6 
87 	 6 	 28 
87 	 7 	 95 
87 	 8 	 5 
87 	 9 	 71 
87 	 10 	 28 
87 	 11 	 6 
87 	 12 	 56 
87 	 13 	 88 
87 	 14 	 81 
87 	 15 	 48 
87 	 16 	 80 
87 	 17 	 31 
87 	 18 	 87 
87 	 19 	 83 
87 	 20 	 27 
87 	 21 	 95 
87 	 22 	 77 
87 	 23 	 100 
87 	 24 	 99 
87 	 25 	 88 
87 	 26 	 50 
87 	 27 	 64 
87 	 28 	 14 
87 	 29 	 24 
87 	 30 	 39 
87 	 31 	 41 
87 	 32 	 42 
87 	 33 	 63 
87 	 34 	 85 
87 	 35 	 6 
87 	 36 	 78 
87 	 37 	 56 
87 	 38 	 45 
87 	 39 	 17 
87 	 40 	 12 
87 	 41 	 94 
87 	 42 	 68 
87 	 43 	 11 
87 	 44 	 68 
87 	 45 	 65 
87 	 46 	 4 
87 	 47 	 66 
87 	 48 	 58 
87 	 49 	 6 
87 	 50 	 3 
87 	 51 	 1 
87 	 52 	 34 
87 	 53 	 22 
87 	 54 	 42 
87 	 55 	 64 
87 	 56 	 37 
87 	 57 	 14 
87 	 58 	 61 
87 	 59 	 2 
87 	 60 	 89 
87 	 61 	 98 
87 	 62 	 16 
87 	 63 	 40 
87 	 64 	 28 
87 	 65 	 46 
87 	 66 	 17 
87 	 67 	 96 
87 	 68 	 13 
87 	 69 	 63 
87 	 70 	 59 
87 	 71 	 75 
87 	 72 	 3 
87 	 73 	 100 
87 	 74 	 91 
87 	 75 	 12 
87 	 76 	 27 
87 	 77 	 73 
87 	 78 	 88 
87 	 79 	 5 
87 	 80 	 80 
87 	 81 	 2 
87 	 82 	 83 
87 	 83 	 13 
87 	 84 	 11 
87 	 85 	 45 
87 	 86 	 81 
88 	 0 	 21 
88 	 1 	 84 
88 	 2 	 71 
88 	 3 	 69 
88 	 4 	 51 
88 	 5 	 41 
88 	 6 	 91 
88 	 7 	 48 
88 	 8 	 87 
88 	 9 	 86 
88 	 10 	 70 
88 	 11 	 74 
88 	 12 	 98 
88 	 13 	 36 
88 	 14 	 34 
88 	 15 	 85 
88 	 16 	 26 
88 	 17 	 76 
88 	 18 	 87 
88 	 19 	 80 
88 	 20 	 28 
88 	 21 	 57 
88 	 22 	 82 
88 	 23 	 9 
88 	 24 	 80 
88 	 25 	 12 
88 	 26 	 50 
88 	 27 	 33 
88 	 28 	 50 
88 	 29 	 13 
88 	 30 	 56 
88 	 31 	 93 
88 	 32 	 43 
88 	 33 	 99 
88 	 34 	 16 
88 	 35 	 55 
88 	 36 	 72 
88 	 37 	 3 
88 	 38 	 21 
88 	 39 	 6 
88 	 40 	 53 
88 	 41 	 83 
88 	 42 	 54 
88 	 43 	 39 
88 	 44 	 26 
88 	 45 	 57 
88 	 46 	 24 
88 	 47 	 64 
88 	 48 	 85 
88 	 49 	 64 
88 	 50 	 41 
88 	 51 	 14 
88 	 52 	 50 
88 	 53 	 19 
88 	 54 	 87 
88 	 55 	 64 
88 	 56 	 89 
88 	 57 	 41 
88 	 58 	 18 
88 	 59 	 80 
88 	 60 	 11 
88 	 61 	 97 
88 	 62 	 49 
88 	 63 	 84 
88 	 64 	 100 
88 	 65 	 27 
88 	 66 	 54 
88 	 67 	 40 
88 	 68 	 75 
88 	 69 	 86 
88 	 70 	 98 
88 	 71 	 23 
88 	 72 	 66 
88 	 73 	 78 
88 	 74 	 13 
88 	 75 	 50 
88 	 76 	 12 
88 	 77 	 25 
88 	 78 	 58 
88 	 79 	 70 
88 	 80 	 89 
88 	 81 	 46 
88 	 82 	 35 
88 	 83 	 75 
88 	 84 	 50 
88 	 85 	 77 
88 	 86 	 71 
88 	 87 	 17 
89 	 0 	 89 
89 	 1 	 83 
89 	 2 	 96 
89 	 3 	 5 
89 	 4 	 14 
89 	 5 	 24 
89 	 6 	 86 
89 	 7 	 2 
89 	 8 	 37 
89 	 9 	 64 
89 	 10 	 85 
89 	 11 	 7 
89 	 12 	 92 
89 	 13 	 18 
89 	 14 	 67 
89 	 15 	 64 
89 	 16 	 94 
89 	 17 	 51 
89 	 18 	 17 
89 	 19 	 12 
89 	 20 	 10 
89 	 21 	 17 
89 	 22 	 16 
89 	 23 	 45 
89 	 24 	 83 
89 	 25 	 46 
89 	 26 	 94 
89 	 27 	 19 
89 	 28 	 70 
89 	 29 	 10 
89 	 30 	 85 
89 	 31 	 62 
89 	 32 	 71 
89 	 33 	 14 
89 	 34 	 69 
89 	 35 	 6 
89 	 36 	 86 
89 	 37 	 86 
89 	 38 	 51 
89 	 39 	 6 
89 	 40 	 19 
89 	 41 	 14 
89 	 42 	 83 
89 	 43 	 9 
89 	 44 	 59 
89 	 45 	 91 
89 	 46 	 39 
89 	 47 	 46 
89 	 48 	 1 
89 	 49 	 8 
89 	 50 	 30 
89 	 51 	 96 
89 	 52 	 23 
89 	 53 	 89 
89 	 54 	 47 
89 	 55 	 43 
89 	 56 	 30 
89 	 57 	 49 
89 	 58 	 35 
89 	 59 	 100 
89 	 60 	 20 
89 	 61 	 58 
89 	 62 	 81 
89 	 63 	 51 
89 	 64 	 56 
89 	 65 	 49 
89 	 66 	 38 
89 	 67 	 84 
89 	 68 	 63 
89 	 69 	 5 
89 	 70 	 39 
89 	 71 	 13 
89 	 72 	 19 
89 	 73 	 27 
89 	 74 	 98 
89 	 75 	 65 
89 	 76 	 99 
89 	 77 	 21 
89 	 78 	 87 
89 	 79 	 82 
89 	 80 	 34 
89 	 81 	 89 
89 	 82 	 21 
89 	 83 	 4 
89 	 84 	 69 
89 	 85 	 96 
89 	 86 	 32 
89 	 87 	 43 
89 	 88 	 93 
90 	 0 	 90 
90 	 1 	 10 
90 	 2 	 9 
90 	 3 	 56 
90 	 4 	 87 
90 	 5 	 38 
90 	 6 	 67 
90 	 7 	 48 
90 	 8 	 42 
90 	 9 	 24 
90 	 10 	 49 
90 	 11 	 86 
90 	 12 	 48 
90 	 13 	 40 
90 	 14 	 46 
90 	 15 	 59 
90 	 16 	 64 
90 	 17 	 86 
90 	 18 	 36 
90 	 19 	 98 
90 	 20 	 58 
90 	 21 	 77 
90 	 22 	 60 
90 	 23 	 99 
90 	 24 	 69 
90 	 25 	 65 
90 	 26 	 48 
90 	 27 	 74 
90 	 28 	 55 
90 	 29 	 5 
90 	 30 	 63 
90 	 31 	 69 
90 	 32 	 27 
90 	 33 	 20 
90 	 34 	 75 
90 	 35 	 83 
90 	 36 	 51 
90 	 37 	 15 
90 	 38 	 29 
90 	 39 	 69 
90 	 40 	 32 
90 	 41 	 99 
90 	 42 	 11 
90 	 43 	 48 
90 	 44 	 59 
90 	 45 	 32 
90 	 46 	 3 
90 	 47 	 56 
90 	 48 	 93 
90 	 49 	 34 
90 	 50 	 54 
90 	 51 	 15 
90 	 52 	 51 
90 	 53 	 40 
90 	 54 	 19 
90 	 55 	 77 
90 	 56 	 40 
90 	 57 	 43 
90 	 58 	 32 
90 	 59 	 17 
90 	 60 	 18 
90 	 61 	 62 
90 	 62 	 82 
90 	 63 	 45 
90 	 64 	 28 
90 	 65 	 80 
90 	 66 	 3 
90 	 67 	 24 
90 	 68 	 23 
90 	 69 	 26 
90 	 70 	 94 
90 	 71 	 72 
90 	 72 	 69 
90 	 73 	 61 
90 	 74 	 13 
90 	 75 	 99 
90 	 76 	 52 
90 	 77 	 41 
90 	 78 	 84 
90 	 79 	 28 
90 	 80 	 82 
90 	 81 	 55 
90 	 82 	 48 
90 	 83 	 18 
90 	 84 	 59 
90 	 85 	 61 
90 	 86 	 30 
90 	 87 	 77 
90 	 88 	 64 
90 	 89 	 97 
91 	 0 	 48 
91 	 1 	 90 
91 	 2 	 16 
91 	 3 	 78 
91 	 4 	 43 
91 	 5 	 61 
91 	 6 	 33 
91 	 7 	 11 
91 	 8 	 67 
91 	 9 	 94 
91 	 10 	 76 
91 	 11 	 84 
91 	 12 	 98 
91 	 13 	 95 
91 	 14 	 59 
91 	 15 	 7 
91 	 16 	 18 
91 	 17 	 15 
91 	 18 	 63 
91 	 19 	 63 
91 	 20 	 34 
91 	 21 	 5 
91 	 22 	 35 
91 	 23 	 55 
91 	 24 	 64 
91 	 25 	 22 
91 	 26 	 10 
91 	 27 	 66 
91 	 28 	 91 
91 	 29 	 25 
91 	 30 	 93 
91 	 31 	 54 
91 	 32 	 32 
91 	 33 	 89 
91 	 34 	 98 
91 	 35 	 2 
91 	 36 	 10 
91 	 37 	 97 
91 	 38 	 96 
91 	 39 	 24 
91 	 40 	 49 
91 	 41 	 5 
91 	 42 	 5 
91 	 43 	 44 
91 	 44 	 61 
91 	 45 	 78 
91 	 46 	 45 
91 	 47 	 79 
91 	 48 	 84 
91 	 49 	 78 
91 	 50 	 87 
91 	 51 	 17 
91 	 52 	 42 
91 	 53 	 44 
91 	 54 	 23 
91 	 55 	 58 
91 	 56 	 21 
91 	 57 	 74 
91 	 58 	 4 
91 	 59 	 71 
91 	 60 	 94 
91 	 61 	 23 
91 	 62 	 20 
91 	 63 	 91 
91 	 64 	 26 
91 	 65 	 63 
91 	 66 	 78 
91 	 67 	 29 
91 	 68 	 67 
91 	 69 	 78 
91 	 70 	 98 
91 	 71 	 53 
91 	 72 	 28 
91 	 73 	 5 
91 	 74 	 58 
91 	 75 	 37 
91 	 76 	 52 
91 	 77 	 41 
91 	 78 	 62 
91 	 79 	 56 
91 	 80 	 26 
91 	 81 	 85 
91 	 82 	 82 
91 	 83 	 12 
91 	 84 	 48 
91 	 85 	 26 
91 	 86 	 70 
91 	 87 	 79 
91 	 88 	 63 
91 	 89 	 99 
91 	 90 	 41 
92 	 0 	 70 
92 	 1 	 86 
92 	 2 	 83 
92 	 3 	 3 
92 	 4 	 57 
92 	 5 	 26 
92 	 6 	 34 
92 	 7 	 97 
92 	 8 	 36 
92 	 9 	 44 
92 	 10 	 5 
92 	 11 	 78 
92 	 12 	 26 
92 	 13 	 28 
92 	 14 	 25 
92 	 15 	 97 
92 	 16 	 66 
92 	 17 	 42 
92 	 18 	 11 
92 	 19 	 81 
92 	 20 	 41 
92 	 21 	 100 
92 	 22 	 22 
92 	 23 	 41 
92 	 24 	 3 
92 	 25 	 19 
92 	 26 	 28 
92 	 27 	 89 
92 	 28 	 99 
92 	 29 	 58 
92 	 30 	 72 
92 	 31 	 21 
92 	 32 	 23 
92 	 33 	 29 
92 	 34 	 15 
92 	 35 	 91 
92 	 36 	 91 
92 	 37 	 42 
92 	 38 	 79 
92 	 39 	 17 
92 	 40 	 43 
92 	 41 	 82 
92 	 42 	 44 
92 	 43 	 96 
92 	 44 	 18 
92 	 45 	 96 
92 	 46 	 14 
92 	 47 	 78 
92 	 48 	 95 
92 	 49 	 17 
92 	 50 	 13 
92 	 51 	 13 
92 	 52 	 54 
92 	 53 	 81 
92 	 54 	 27 
92 	 55 	 41 
92 	 56 	 23 
92 	 57 	 70 
92 	 58 	 38 
92 	 59 	 11 
92 	 60 	 25 
92 	 61 	 96 
92 	 62 	 74 
92 	 63 	 100 
92 	 64 	 63 
92 	 65 	 52 
92 	 66 	 33 
92 	 67 	 67 
92 	 68 	 73 
92 	 69 	 76 
92 	 70 	 78 
92 	 71 	 89 
92 	 72 	 23 
92 	 73 	 40 
92 	 74 	 12 
92 	 75 	 34 
92 	 76 	 19 
92 	 77 	 6 
92 	 78 	 32 
92 	 79 	 67 
92 	 80 	 78 
92 	 81 	 44 
92 	 82 	 55 
92 	 83 	 91 
92 	 84 	 23 
92 	 85 	 96 
92 	 86 	 54 
92 	 87 	 25 
92 	 88 	 43 
92 	 89 	 46 
92 	 90 	 37 
92 	 91 	 25 
93 	 0 	 4 
93 	 1 	 26 
93 	 2 	 25 
93 	 3 	 99 
93 	 4 	 84 
93 	 5 	 74 
93 	 6 	 100 
93 	 7 	 39 
93 	 8 	 83 
93 	 9 	 28 
93 	 10 	 76 
93 	 11 	 34 
93 	 12 	 91 
93 	 13 	 99 
93 	 14 	 12 
93 	 15 	 97 
93 	 16 	 26 
93 	 17 	 63 
93 	 18 	 36 
93 	 19 	 93 
93 	 20 	 87 
93 	 21 	 9 
93 	 22 	 99 
93 	 23 	 48 
93 	 24 	 45 
93 	 25 	 50 
93 	 26 	 64 
93 	 27 	 70 
93 	 28 	 1 
93 	 29 	 91 
93 	 30 	 22 
93 	 31 	 60 
93 	 32 	 41 
93 	 33 	 65 
93 	 34 	 63 
93 	 35 	 39 
93 	 36 	 12 
93 	 37 	 93 
93 	 38 	 7 
93 	 39 	 89 
93 	 40 	 70 
93 	 41 	 63 
93 	 42 	 32 
93 	 43 	 63 
93 	 44 	 57 
93 	 45 	 92 
93 	 46 	 19 
93 	 47 	 67 
93 	 48 	 93 
93 	 49 	 44 
93 	 50 	 22 
93 	 51 	 71 
93 	 52 	 76 
93 	 53 	 39 
93 	 54 	 85 
93 	 55 	 57 
93 	 56 	 49 
93 	 57 	 83 
93 	 58 	 46 
93 	 59 	 53 
93 	 60 	 75 
93 	 61 	 55 
93 	 62 	 90 
93 	 63 	 84 
93 	 64 	 2 
93 	 65 	 40 
93 	 66 	 27 
93 	 67 	 63 
93 	 68 	 64 
93 	 69 	 90 
93 	 70 	 6 
93 	 71 	 77 
93 	 72 	 6 
93 	 73 	 14 
93 	 74 	 78 
93 	 75 	 68 
93 	 76 	 55 
93 	 77 	 77 
93 	 78 	 28 
93 	 79 	 82 
93 	 80 	 32 
93 	 81 	 89 
93 	 82 	 88 
93 	 83 	 62 
93 	 84 	 72 
93 	 85 	 98 
93 	 86 	 80 
93 	 87 	 20 
93 	 88 	 21 
93 	 89 	 34 
93 	 90 	 44 
93 	 91 	 13 
93 	 92 	 57 
94 	 0 	 31 
94 	 1 	 18 
94 	 2 	 57 
94 	 3 	 9 
94 	 4 	 28 
94 	 5 	 56 
94 	 6 	 79 
94 	 7 	 20 
94 	 8 	 46 
94 	 9 	 88 
94 	 10 	 66 
94 	 11 	 43 
94 	 12 	 14 
94 	 13 	 97 
94 	 14 	 71 
94 	 15 	 44 
94 	 16 	 100 
94 	 17 	 82 
94 	 18 	 71 
94 	 19 	 47 
94 	 20 	 98 
94 	 21 	 50 
94 	 22 	 78 
94 	 23 	 77 
94 	 24 	 81 
94 	 25 	 88 
94 	 26 	 24 
94 	 27 	 21 
94 	 28 	 80 
94 	 29 	 44 
94 	 30 	 77 
94 	 31 	 66 
94 	 32 	 61 
94 	 33 	 12 
94 	 34 	 11 
94 	 35 	 48 
94 	 36 	 25 
94 	 37 	 69 
94 	 38 	 30 
94 	 39 	 69 
94 	 40 	 59 
94 	 41 	 4 
94 	 42 	 15 
94 	 43 	 84 
94 	 44 	 27 
94 	 45 	 58 
94 	 46 	 42 
94 	 47 	 8 
94 	 48 	 1 
94 	 49 	 35 
94 	 50 	 13 
94 	 51 	 43 
94 	 52 	 56 
94 	 53 	 97 
94 	 54 	 66 
94 	 55 	 1 
94 	 56 	 25 
94 	 57 	 56 
94 	 58 	 64 
94 	 59 	 41 
94 	 60 	 52 
94 	 61 	 42 
94 	 62 	 94 
94 	 63 	 15 
94 	 64 	 73 
94 	 65 	 30 
94 	 66 	 94 
94 	 67 	 58 
94 	 68 	 100 
94 	 69 	 19 
94 	 70 	 93 
94 	 71 	 49 
94 	 72 	 59 
94 	 73 	 28 
94 	 74 	 38 
94 	 75 	 75 
94 	 76 	 57 
94 	 77 	 24 
94 	 78 	 48 
94 	 79 	 68 
94 	 80 	 80 
94 	 81 	 39 
94 	 82 	 45 
94 	 83 	 92 
94 	 84 	 85 
94 	 85 	 86 
94 	 86 	 20 
94 	 87 	 73 
94 	 88 	 58 
94 	 89 	 47 
94 	 90 	 5 
94 	 91 	 89 
94 	 92 	 32 
94 	 93 	 35 
95 	 0 	 67 
95 	 1 	 36 
95 	 2 	 90 
95 	 3 	 29 
95 	 4 	 3 
95 	 5 	 59 
95 	 6 	 72 
95 	 7 	 70 
95 	 8 	 47 
95 	 9 	 85 
95 	 10 	 100 
95 	 11 	 44 
95 	 12 	 16 
95 	 13 	 97 
95 	 14 	 8 
95 	 15 	 68 
95 	 16 	 52 
95 	 17 	 78 
95 	 18 	 70 
95 	 19 	 91 
95 	 20 	 87 
95 	 21 	 86 
95 	 22 	 2 
95 	 23 	 46 
95 	 24 	 27 
95 	 25 	 89 
95 	 26 	 50 
95 	 27 	 48 
95 	 28 	 49 
95 	 29 	 45 
95 	 30 	 67 
95 	 31 	 6 
95 	 32 	 39 
95 	 33 	 68 
95 	 34 	 65 
95 	 35 	 99 
95 	 36 	 76 
95 	 37 	 5 
95 	 38 	 70 
95 	 39 	 100 
95 	 40 	 43 
95 	 41 	 81 
95 	 42 	 87 
95 	 43 	 3 
95 	 44 	 67 
95 	 45 	 28 
95 	 46 	 9 
95 	 47 	 57 
95 	 48 	 75 
95 	 49 	 43 
95 	 50 	 27 
95 	 51 	 85 
95 	 52 	 37 
95 	 53 	 60 
95 	 54 	 17 
95 	 55 	 9 
95 	 56 	 73 
95 	 57 	 72 
95 	 58 	 11 
95 	 59 	 67 
95 	 60 	 3 
95 	 61 	 80 
95 	 62 	 13 
95 	 63 	 26 
95 	 64 	 27 
95 	 65 	 25 
95 	 66 	 71 
95 	 67 	 89 
95 	 68 	 73 
95 	 69 	 62 
95 	 70 	 4 
95 	 71 	 16 
95 	 72 	 78 
95 	 73 	 48 
95 	 74 	 4 
95 	 75 	 91 
95 	 76 	 35 
95 	 77 	 99 
95 	 78 	 52 
95 	 79 	 46 
95 	 80 	 97 
95 	 81 	 65 
95 	 82 	 35 
95 	 83 	 24 
95 	 84 	 49 
95 	 85 	 23 
95 	 86 	 58 
95 	 87 	 56 
95 	 88 	 51 
95 	 89 	 15 
95 	 90 	 54 
95 	 91 	 15 
95 	 92 	 55 
95 	 93 	 18 
95 	 94 	 43 
96 	 0 	 88 
96 	 1 	 90 
96 	 2 	 84 
96 	 3 	 82 
96 	 4 	 58 
96 	 5 	 25 
96 	 6 	 74 
96 	 7 	 98 
96 	 8 	 74 
96 	 9 	 45 
96 	 10 	 46 
96 	 11 	 95 
96 	 12 	 1 
96 	 13 	 70 
96 	 14 	 55 
96 	 15 	 19 
96 	 16 	 59 
96 	 17 	 64 
96 	 18 	 91 
96 	 19 	 67 
96 	 20 	 47 
96 	 21 	 8 
96 	 22 	 86 
96 	 23 	 44 
96 	 24 	 48 
96 	 25 	 83 
96 	 26 	 15 
96 	 27 	 35 
96 	 28 	 71 
96 	 29 	 96 
96 	 30 	 9 
96 	 31 	 74 
96 	 32 	 28 
96 	 33 	 8 
96 	 34 	 16 
96 	 35 	 35 
96 	 36 	 46 
96 	 37 	 82 
96 	 38 	 79 
96 	 39 	 4 
96 	 40 	 51 
96 	 41 	 87 
96 	 42 	 82 
96 	 43 	 24 
96 	 44 	 52 
96 	 45 	 72 
96 	 46 	 34 
96 	 47 	 1 
96 	 48 	 59 
96 	 49 	 69 
96 	 50 	 64 
96 	 51 	 100 
96 	 52 	 74 
96 	 53 	 33 
96 	 54 	 89 
96 	 55 	 72 
96 	 56 	 76 
96 	 57 	 88 
96 	 58 	 8 
96 	 59 	 68 
96 	 60 	 40 
96 	 61 	 58 
96 	 62 	 36 
96 	 63 	 71 
96 	 64 	 11 
96 	 65 	 94 
96 	 66 	 29 
96 	 67 	 12 
96 	 68 	 96 
96 	 69 	 70 
96 	 70 	 28 
96 	 71 	 95 
96 	 72 	 87 
96 	 73 	 69 
96 	 74 	 79 
96 	 75 	 53 
96 	 76 	 69 
96 	 77 	 67 
96 	 78 	 16 
96 	 79 	 60 
96 	 80 	 12 
96 	 81 	 84 
96 	 82 	 10 
96 	 83 	 80 
96 	 84 	 40 
96 	 85 	 86 
96 	 86 	 96 
96 	 87 	 38 
96 	 88 	 55 
96 	 89 	 38 
96 	 90 	 4 
96 	 91 	 48 
96 	 92 	 72 
96 	 93 	 54 
96 	 94 	 82 
96 	 95 	 91 
97 	 0 	 20 
97 	 1 	 62 
97 	 2 	 69 
97 	 3 	 62 
97 	 4 	 63 
97 	 5 	 49 
97 	 6 	 94 
97 	 7 	 100 
97 	 8 	 3 
97 	 9 	 67 
97 	 10 	 21 
97 	 11 	 10 
97 	 12 	 83 
97 	 13 	 90 
97 	 14 	 21 
97 	 15 	 51 
97 	 16 	 35 
97 	 17 	 59 
97 	 18 	 93 
97 	 19 	 82 
97 	 20 	 93 
97 	 21 	 69 
97 	 22 	 50 
97 	 23 	 54 
97 	 24 	 8 
97 	 25 	 53 
97 	 26 	 63 
97 	 27 	 53 
97 	 28 	 77 
97 	 29 	 81 
97 	 30 	 94 
97 	 31 	 12 
97 	 32 	 100 
97 	 33 	 45 
97 	 34 	 96 
97 	 35 	 27 
97 	 36 	 98 
97 	 37 	 29 
97 	 38 	 88 
97 	 39 	 3 
97 	 40 	 47 
97 	 41 	 96 
97 	 42 	 18 
97 	 43 	 56 
97 	 44 	 94 
97 	 45 	 62 
97 	 46 	 7 
97 	 47 	 54 
97 	 48 	 94 
97 	 49 	 34 
97 	 50 	 62 
97 	 51 	 85 
97 	 52 	 26 
97 	 53 	 4 
97 	 54 	 83 
97 	 55 	 46 
97 	 56 	 12 
97 	 57 	 52 
97 	 58 	 55 
97 	 59 	 62 
97 	 60 	 17 
97 	 61 	 93 
97 	 62 	 53 
97 	 63 	 91 
97 	 64 	 63 
97 	 65 	 49 
97 	 66 	 16 
97 	 67 	 81 
97 	 68 	 27 
97 	 69 	 64 
97 	 70 	 79 
97 	 71 	 16 
97 	 72 	 34 
97 	 73 	 97 
97 	 74 	 57 
97 	 75 	 21 
97 	 76 	 38 
97 	 77 	 12 
97 	 78 	 81 
97 	 79 	 20 
97 	 80 	 52 
97 	 81 	 89 
97 	 82 	 27 
97 	 83 	 8 
97 	 84 	 35 
97 	 85 	 39 
97 	 86 	 62 
97 	 87 	 93 
97 	 88 	 97 
97 	 89 	 65 
97 	 90 	 94 
97 	 91 	 33 
97 	 92 	 56 
97 	 93 	 96 
97 	 94 	 23 
97 	 95 	 81 
97 	 96 	 60 
98 	 0 	 60 
98 	 1 	 78 
98 	 2 	 72 
98 	 3 	 56 
98 	 4 	 21 
98 	 5 	 3 
98 	 6 	 11 
98 	 7 	 15 
98 	 8 	 48 
98 	 9 	 97 
98 	 10 	 86 
98 	 11 	 37 
98 	 12 	 65 
98 	 13 	 76 
98 	 14 	 41 
98 	 15 	 47 
98 	 16 	 61 
98 	 17 	 34 
98 	 18 	 2 
98 	 19 	 37 
98 	 20 	 83 
98 	 21 	 37 
98 	 22 	 47 
98 	 23 	 92 
98 	 24 	 69 
98 	 25 	 93 
98 	 26 	 36 
98 	 27 	 78 
98 	 28 	 56 
98 	 29 	 60 
98 	 30 	 65 
98 	 31 	 47 
98 	 32 	 26 
98 	 33 	 42 
98 	 34 	 67 
98 	 35 	 13 
98 	 36 	 76 
98 	 37 	 96 
98 	 38 	 12 
98 	 39 	 16 
98 	 40 	 95 
98 	 41 	 62 
98 	 42 	 24 
98 	 43 	 93 
98 	 44 	 60 
98 	 45 	 73 
98 	 46 	 90 
98 	 47 	 15 
98 	 48 	 60 
98 	 49 	 55 
98 	 50 	 34 
98 	 51 	 61 
98 	 52 	 76 
98 	 53 	 36 
98 	 54 	 35 
98 	 55 	 90 
98 	 56 	 47 
98 	 57 	 80 
98 	 58 	 40 
98 	 59 	 42 
98 	 60 	 40 
98 	 61 	 22 
98 	 62 	 73 
98 	 63 	 48 
98 	 64 	 49 
98 	 65 	 76 
98 	 66 	 30 
98 	 67 	 91 
98 	 68 	 95 
98 	 69 	 48 
98 	 70 	 80 
98 	 71 	 56 
98 	 72 	 99 
98 	 73 	 33 
98 	 74 	 9 
98 	 75 	 18 
98 	 76 	 80 
98 	 77 	 26 
98 	 78 	 82 
98 	 79 	 77 
98 	 80 	 53 
98 	 81 	 2 
98 	 82 	 74 
98 	 83 	 2 
98 	 84 	 12 
98 	 85 	 45 
98 	 86 	 19 
98 	 87 	 33 
98 	 88 	 85 
98 	 89 	 4 
98 	 90 	 94 
98 	 91 	 84 
98 	 92 	 3 
98 	 93 	 96 
98 	 94 	 88 
98 	 95 	 96 
98 	 96 	 36 
98 	 97 	 52 
99 	 0 	 16 
99 	 1 	 54 
99 	 2 	 35 
99 	 3 	 28 
99 	 4 	 38 
99 	 5 	 34 
99 	 6 	 92 
99 	 7 	 97 
99 	 8 	 72 
99 	 9 	 28 
99 	 10 	 12 
99 	 11 	 52 
99 	 12 	 73 
99 	 13 	 94 
99 	 14 	 14 
99 	 15 	 27 
99 	 16 	 24 
99 	 17 	 68 
99 	 18 	 50 
99 	 19 	 92 
99 	 20 	 65 
99 	 21 	 67 
99 	 22 	 71 
99 	 23 	 99 
99 	 24 	 41 
99 	 25 	 20 
99 	 26 	 62 
99 	 27 	 21 
99 	 28 	 33 
99 	 29 	 11 
99 	 30 	 31 
99 	 31 	 84 
99 	 32 	 27 
99 	 33 	 74 
99 	 34 	 7 
99 	 35 	 10 
99 	 36 	 19 
99 	 37 	 87 
99 	 38 	 41 
99 	 39 	 40 
99 	 40 	 77 
99 	 41 	 73 
99 	 42 	 11 
99 	 43 	 90 
99 	 44 	 18 
99 	 45 	 43 
99 	 46 	 6 
99 	 47 	 2 
99 	 48 	 70 
99 	 49 	 57 
99 	 50 	 52 
99 	 51 	 8 
99 	 52 	 72 
99 	 53 	 89 
99 	 54 	 83 
99 	 55 	 72 
99 	 56 	 13 
99 	 57 	 11 
99 	 58 	 4 
99 	 59 	 83 
99 	 60 	 69 
99 	 61 	 15 
99 	 62 	 58 
99 	 63 	 18 
99 	 64 	 9 
99 	 65 	 14 
99 	 66 	 25 
99 	 67 	 75 
99 	 68 	 93 
99 	 69 	 17 
99 	 70 	 95 
99 	 71 	 1 
99 	 72 	 51 
99 	 73 	 21 
99 	 74 	 4 
99 	 75 	 16 
99 	 76 	 26 
99 	 77 	 59 
99 	 78 	 51 
99 	 79 	 39 
99 	 80 	 9 
99 	 81 	 68 
99 	 82 	 43 
99 	 83 	 61 
99 	 84 	 94 
99 	 85 	 66 
99 	 86 	 37 
99 	 87 	 50 
99 	 88 	 16 
99 	 89 	 68 
99 	 90 	 42 
99 	 91 	 48 
99 	 92 	 17 
99 	 93 	 18 
99 	 94 	 98 
99 	 95 	 74 
99 	 96 	 54 
99 	 97 	 99 
99 	 98 	 29 
END
<Graph generated by Andra Duhamel, 2012>
